66666666 6666 6636666661. Ub- IL ,616 6. 666-666. 6. ju 66.
6666666666666666 6. 6666666ιὲ6 'w
666 1010. 11. 66661ις 666666 3. 666666. 6. 66666666, menfica 6. 666

ma &baerna gains &efflatu 6666666 6. 666666, 666666 eme 66. ¹

⁴⁴) 866666 6. 8666, 666666, 66666666 3666666 6666 Cam-mhi·
66666666666666666666
66666, 666 66666 6666666 666 66666666 6666. 666 66666666666666166·
666666666666666 666666 666 666666, 66666 666 66666 6666666666, m·
666 etc. 6666 6666 66666 666666, monn, &utinm 666666, ῦ6666

666 &eciem 66666 666 36666, 666 6666666 666 666 66666666 666 66666
6666 66666 666 6666666666 666 66666666 666666, ιιι 666 666666,- -..

6616666 6666 aaa. 666666, 666666 6666 666. 6666666 666666 666666
66666)Ι eiu 66666, 66666666, 6666666 666 1666666666, ult 6666166666 666
6666666666666666, 6666166666 66666666, 6666666666, - - - 6666 66 6666
6666666 6666 6666666666, 666666 6. Ι. 6. Anno tumvl- 66. (m Ι
6. 676 mm).

[666. 1: 9666 nge 66666 666 6666 6666666666 616 666 666 66666,
6666 666 666666 &ab 666 66666 616 666 6661666 ιιι &m
6666. 2: 6616 66666 66666666 6666666666 &rauel Mutuo,
666 6666661666666, 6666 666 6666 66666 6666666, 666 6616666666. ei·
66666, 66666666 6666666, 66666666666666666 6666666666 66666666, 666
66666666, 6666666, 666666666666, 6666666, 6666666666, W 66, 666666
666666666666.6666636666666’,666666666ξῖ6
666 6666666, in 666 6666666666 1636666, 6666 666 666666ἳ6 (6666666
withige 6666166, 666 6, 666 666666, 666 66666666, 66 66666616
66 66 numennumen 66666666 66666 ⁶1² 666666, mitt gutet 66666666 666
66666, 6666 6666666 6666666666 6666666666 366666, 66666 16666
333,33:¹¹2?‘ffuaeffissssfzzss‘ffassffaefa‘3333³3‘?⁹„;2¹ss?302¹1¹‘v?¹}f?;3
2331.. ,666 6666666666 6666666666 6666 g 6666666666ίῴ 66ι
66666, 666 666 666666666666 66666666, 66 166666 affiget 6666666
6 666-,66666666666]6666666666
666. 66666,66666 666. 6 66666666
66666666). 666. 112-298. 232. 3: 6666 6616 66666666 666 636666 666

6666666666 1666666666 vetto 66 6666 6666666666 666 6666666, 6. f. 6.]

⁴⁵) 6666666666, 366, (66666666. §bae iit: 6666666666 666 6666666666 ge·
66366666 66ἰῖ66 666666666666666 66ἓὲ
666666, 6666666 666 6666666666 6666 6666666666 66666, 666 666 66666
66166666666666666 [este 666, 6666666666 666 66666666 66666. 666 6666
66666666 666 6666666966 6666666666, 6666666666, 6666666666, 866666
66666666 666 6666666666, 666, 666, 66666, 666 666 6666 66666666 66·
66666666 666 6666666, 6666666 666 6666666 666. 6166 &alliget (66666666
&thaffu 666 6666666666(6616666666666666, . . . 666666, 666 66 666

 

