6156116 1511611, 861811 . 8811858118· 11111 1181 66818811181816
1181118. 811 1861861668 8111 11 1113.1489),81168818., 81111118. ι. 6.]
4181. p. 439. 441. 444. 451. 499. 493. 514. 515. 511. 590. 595. 5918588.

536. 838. 539. 540. 545. 559. 569. 511. 575. 600. 601. 604. 605. 614.
648. 646. 858. 659. 878. 674. 676. 879. 890. ιι. 1. 1. 11111811. 38111168

6. (t. 0. Nr. 888. Β. 901 18. 6. 68111 Q 58.) 11481-1844.

¹¹> 8611111161, 1. Fr. 11 1789), Vindemiae liternino 8. 6. 16161661 6166116166-
161. ad 0166661116 ueram 8111661866 spectantium 6611116116. 311111 Lips.
1789-94. 161.

[51811 Anonymi 0816616611 91161116686 8. 1988-1854 (1. mah-
11161, Fontes 161.116111116)8.91-108. 98111 61161811 61116616-
16816 0666611118. 16111 6116111116 (1. 81118868 6118 1111111 61111.
6188611686, 6111 8111 8 0168116866 1488, 1490 6. 1497. 1181.
15. 8. 111 668118 61111881 811 116161 0666616161 818 81111616 111611
818 8161318 6618161 81111881181 6. (5111111 16 8.1 8118818. 66181181
81111111 6. 3. 1840 611 811 811118111811 8. 8161118181111118. 8. 1811611111.
1161111881. u. 81111111. 11 91181. 8118811116. 61-11.) . 11-11.
4116118161 (1111661681116111861861166 111111ὖ.. 816188 118. 111116 0116 . 8. 5161
111181111151 115506.5111.138111“1.51.11 1159116151
11116311181661111; 6658 111 0118 61818Ι 6181118. 818 0660111118
9· ¹· ᾧ·7331181811·.1113111.9111111111·11181ῐί
1 oannis ’181161ιί1 1661116111θῶ 811611111110111Ῐ10611. rog. 6111111661οὲ
Nuemburgens. Praepositi I. 011161ιὶ6611 1111666666181. 811 11116.
161616061166616 111811 8111666111186118 11181. 8. 1375-1488, 81111116.
6118 111111 11181 1181118611111118181., 8116118118 16836818618116, ιι. 11111
6161118111 3856866686. 101111 1186111866 111 1. 16 11611616116811. 161.
(161681. 1181118, 1115611118. 1. 51· ibid. 81116-1118. 1181.
68111 Θ. 987.) p. 74-90.

1’181116 1161111111. (1616116161. 1681. 6816 (Ε. 58 188.)

[8611 Anu. S. Amandi 1681. oben Ε.51). 06611661116 altera. 11. 771
-791 681. ,7861 ,18 111111111111116708-8071168166661116118
81881 1. 161. 811 illet; 6. 750 66 8111651861, 686681811311181111611
1611118111 6. (518161661611111118611. 8181. 8. 806. p. 884.) p. 8. 8. 810-
884. 111111. laureshamenses (681. 6816 ὢ. 51 18.) a. 703-808 1681.
8. 754. 791. 798) 1698-39. 6611. 116166116161 1881. 18111 Θ. 53).
continuatio 11. 769-789 11181. 8. 786) 11.40·44. 1111110111116111816111
18.818.1181111811.111611..1-81 818
111111. 8111118111 668 161816,68818168111116 858111, 6811816 111118 811
11 1116811 786 6. 811 0111861668 818 88611116 11118 81111181816161818116
1811111, 811 111168 6681181118 11851811Ι 16118111.Ἱ 1181. 8. 786. p. 41. 48.)
8140-44. Anu. Laurlssenses 1111116166 1681. 68111 Q 53) a. 680-
8171181. 8. 749. 754.) p. 119-198, 11116. laurissenses, 6118814611.
plebeii 6. Α1111. 1616611661 8111. (881. 811111 71. 8. Β.) a. 741-788
61· 1. 116111 1661·
811111111111111111 46116161068741-889 611 ’6111111 111 111116Ρ61116161.
611. 16111. 1111161. 1845. 5111116188 3-1 1861811. 1118111. 11. Β. 3811.
98111. 1850-81. 11811 1. 9111611116 811 3681861811 818 11861 66181 81116111

martyris 111 idom

1

811111 91611118 818 18111. 916861168811 861188 86 0116681, 81111 1118Ῐ . ξ).
7881181118 1161111111, 11111181188116181161118118118811111118Ι 61 811 0111111.
1111118 8. 1111. 6. 81111111 661111 6. 86811188 8118111668 811 1118861118111

 

