24³

'''³ssb[g¹¹¹² 11111111, 1111111111 1111111111 1Μ11111111111111111111111 11111111.
ha 1111111111, 1111 1111 11111111 111111 1311111111 1. 1111111111 111111
1111111 (11111111, 11111111, 1111141111, 11111111, 61111), 111111 1111111
1111114 1111111111, 111111111111 1111 1111111111 fiber 11111111 1111111111·
1111 1111111111 (1. 3. 119114111, 1.,111111 1111111111. (1.1. 1349.
1446. 1448111111111114, 1111111114, 1111114, 1111111111 4 1. 1111111111,
111 1171-1411, 11 (11111111111111 ῦ111111. 1111 11111, 1111111111
111 1111111111 1141111114 1111111111111 1111 111 111 1111111 1111111111,
1111 1111111111 114 11. 31111.,1111111111 1111111, 1 11 1141111111 111· ff
111111, 11111 1111 1111 11111111111111111111111 13111111 11111111 11
ἒ11111111ἐ1. 53 1111111111 1. 1111111161 (1. 1111111111111.
.911.; 1111111111 11111. 11111141. 111111 Q 103 1. 111111 111
Qttulf. 111.; 11111111 111111 111111. ΙΙ. 111 1111111111 Q 113 11111. .,
11111141. KQ& 143 1111141. X. 111 1111111111 Q 13· 1111141. Χ.. gt· ⁵
1111111111 . 15; 1. 1111111111111), 1111111 1111 1111 1111111, 11111 1,
{ung 1.1111111111,111111111111,11111111 1. 1111111111111 11111111
1111 114 11111114 114 1111111114, 11111 1111111111, 111114 11111111,
1111111 111111111111111111,1111111111 1. 111. 11. mie 6111111 111 111111
1111111. (14 1111111 11111111 (1111111 11 11111, 111 11111111 111 1111 11111
111111111114111111 „alten Qunbiitbeu (11111 w 1111111. ‘me
111111111111111, 11111114111111 1111111 11111111 11111111ῶ111111,111
1111111114 15. 31111111. 11] .

s ⁸⁷) 61111111111111 1111111111, 11111111111111. 1111111111 1. 81111. 11111.
ῧ11111111. 1833. 42. 111. 1. 11111 1111. 1. zita Sobanu 1111411111
(11111. 111 11111111111111111 114 15. 31111111, 1111111111111111111111111
11 1511111111, 1111111111111. 1111111111 111111 11111111111111111,1111111 ⁴
&nautum 111 1551111111 111 1111 1111131111Ξ111111111111 111 1111111
11111111111111 11 1111111111 1 154011 111111 111111. 1111. 1111111111
11111 1111111111 11111.111111111111 1. 1111111111. u. 11111111 111. 9.
Q 14-16, 11 1. 11111111 11 Θ1111111111111111111111 1. 1. 11. 111. 1.
Q LXIII-LXV. 1. 1111111. 11 1111111111 Q ΙΧ-ΧΧ11ῧ1111111ι
11111 (11111111. 111 1111 11111111111111411111 114 111111 11111111 11ι
11111111 611111111111111 1111111111, 11111 111111 11111111, 11111111. 1111·
1111111111111111 161111111111111 6111111114 1111111111. 1114 1111
1111111111. 111114111. 111 (11. (11.1. 1111111111 1. (1. 1. 31111. (400 Q)
61111111. 1333. ’

11). (1111111 3111111 1111111111 1111 11111 1230-1559 1111111.
11 1111111111 111111111111 1111111111 1111111111111111111 1510. 1111.
1111111114 11111111. Q 111-11111. 111. 111111 114 1111 1111111111
111111, 11111. 11111543, 111111 11111111 1. 1111111 111 1111111 31111 111 114
1 1111111 1111 111 1111 11111111111 111 1111111111111111,111111111 1111
111111. 1111111111 11111 111 11111111141111 11111111111111111111

1611111111 1113111114111111111114 111 [111111111111111ς 111 111
11111111111111 111 Θ111111111 111111 11113111111111111111111, 111

1111111,111111111111111111111111111ῗέιὲ11111111
111, 1111111114 111111111111411111111 111ὓ11111, 111111111111111 1ι
111, 1111111114 111111111111 111 1111111111 1111111111111 1111111111
1111111 11 6111111111, 11111 111111 1111111111 11111111 Q. 114 1111111111
111111111111111111, 1111111111111. - 11. 11111 14, 1111111 1 1141111
11111114111111111111 (111114111111 11 1111111111, 11111 erfi 1 1. Qen-

111111 111, 111 1111111111 1111 111111111111 u. 11111111 11111111 111 1111111

11· ν

 

