we

111111 1111111111111111111111. 111 ,1 111. 11111111 11 1111111111.
1111. (111,1ο1,111,111,111 Q.) 11111111. 1111-1111. 1. 1111
111111111111 11111111 111 111. 1111111111. 1. 111111111111 11 11111111.
1111. 6111. 11111. 111111, 1111 11111111. 1111111 11111 1111111111. (11111111.
11801. 81). 111. 1. 181111 1. Θ. 13-11. Rungii 1111111111. 1111111111. 1.
Nr. 111. p. 16-18. 1. 11111111 111. p. 106.

[111. 1. 11111 11961-1149, 111. 11. 1. 1410-1116 1. 11111111, 111. ΙΙΙ.
1, 1111 1. 11111111-1111 11. lv. 1.1111-1111,11.1. 1. 1111-
1612 1. 16. 1111. 111 111 ἒ 141 1 .: 111 (1111111 111 1111111111
111111 1111111111 111 ,1141 1111 11111 11111Ι 1 11111111 111111»
11111111-11111 3111111111 1111111 1111 111 111111111111111131111
1111 11111111 (1111111111 11111111 11111111 1. 161-1612 1111111, 1111
11111 111 111 11111. 111 61111111111111111111 111 ange 1111113111,
111111111 11111 1111111 1111111111111 ι.1111111111111 11 11111111
1111111111, 111 111111, 11111 1. 1111111111111111 111 111111 11111111111
111111111111111 1. 1111 111111 1111111111 111 61111111 111 1111111111
1111 1111 1111 1111111111,111111111111111111111111111 1111 11ἰ11
11111911111111·11111111111111111111 111111 11
111 111111111111 Sa 111 1111111 111111 11. 111111 611111 6111111111
ιι.. 111 11111111 111111111111 111, 1111111 1111111. 1111111111 Ὀ1111ρ11111
1111111111 1111111 1111111111.11111111
11111 111 111111 11111111 11 111 111111111111, 11111111.,1111111.1111111
111 16. 1111111. (1.1. 1114. 1. 1. 1111111 111 1111111111111111111 111
1111 111 111111 22 11111111. 1. 1. 1110046111, 1111111111111111 111
11111111. 1141 15.) 11111, 1111 1111111111 11111 1111111111, 111 Ιιιι
11 111 11111 111 11111 111 1111111111 111 113111. 1111 1111111111 111
111111 11111111 1111 11111111 111 1111111111111111 1111111111
1. 11111111, 111111 111 111111111111111 1. 6111111 1111111111, 111
1111111111111111111 111 1111111111 1. 111 11111 111111111111111111111
11111 , 111111 111111 11, 111111 111111111111111 11111 111111 (1111111
111111ἱὶ 111111 11111111111111111111 11111111111111111111. 61111111,
111 111 11111111 1111111111 ιι. 11111 111, 111111 111 1111111111 111
111111111111, 1111111111 1. 111111, 111 111111 1. 1111111 111111111111
1111111111 11111111 61111111, 111111 11111 11111111 1111111111 1111111111 111
11111111111111’111111111111111111.“1111ἰ“11111“111ῑ
111, 1111111 11111 1111 11111 11111111111111 111, 1111111111 111 11111111,
111 (1111111111 111111111111,1111111 11.11111111111,111 1111111111 111
111111111111, 1111111111 1111111, 11111111111111111, 11111111111111ι 111
1111111111 1111111111 111 511111, .11111, 111 111111111, 1111111111,
111111111111, 11111111 11, 1111111111,1111111111111, 11111 11111111,
11111161111111, 1111111111, 111 1111111111 1. 1111111111, 1111111111
111111111,1111111111 11 111111111111 1. (1111111111,111111111,1 111111
11111111111111 1111111111, 11111, 11111111111111111111,111 1111111
111 111111111111,1113111 111 11 111111 31111 1111111111 1.(11111111111,
111 1111111111111 111 1111111 u. 11111 (1111111 111. 2. 1. 180. 111. 3.
β.1811.11311.) 1111111. 9111113111 111 1111111111 1111111.
111111111111111ῑέ121ῗ’1111111111111111111111111111
’111111 111111, 1111111 111 11111111 111 11111111 1111111111111, 111111
11111111111111111111111111 1111111

 

