104

’.55 555555 55555 555 5555 555555 5555555555 55555555 55. 5055515.
5555555. 5515555 55. mlx-218. ..5555555 555555. 5555 5 5555 55555
5555 5. 3555 5. 555 5555 35. 555 5555 55555 555 Δ. 15555Ι 55 5194535.
5555555555 55. 224 -555, . &PM-226. 8555555555 55555555555555.
55555 5555555555 5. ι5555ίὲ5 55. 5. nod> 555 5555 5535555955ξὶ 55513. 1553.
..51551555555555555555 5555 5555555555.ῗὸ5
5555555555 555 555555 5. 555 1355555555 5555555 5. luo-1466. 5555
&nuc 555 &tante , 555555 555 555 5555 5 55 5555555 55 555 95 1554
5. 25. (5555 5555 55555555, 515 55 555 555555 555 55. 8555555
55 , 55 555555555 5555555 55 5555 555555), 5555555 555 5555555555
555 55555555555 55 555 5555 55555, 555 5555555555 555 55555 5555555
55555555 1., 55555 555 5555555555 555 5555. 5555555 Ε555555555 5555555
55 555555 1552 5555555555. 5555555 555 555555 55 555 555555, 55555 ,
5555555555 555 555 5555555 55555555 555555 5555 55555Ἰ 5. 55555 55555
555555 555 5555555555 5555555 5555 555 55555 555555 5. 55555 5
55555555, 55555555 555 5 555. 55 ¹ 5555 55555 Ι555555 55555, 555 555 §2011
5555 555 555555 555555 55 555 wi: ι5155 gem Ἓ5ἓη5ηίὶ5ω5ῗξ 555, 5515
555555 5555555555555555555555555 55555555ἒὲ
5555555515 &dnm 5. ,5555555Ι 555 55555 5555555, 555 555555,
555 3533&aeth ὓ55555555158555ῠι5559515α1555 ἓξτὲίίέὶξιῖἧέῗζὲα {1⁰2¹ss
&dm 5, 555 55555 555 5. 5555555, 555 55555. 5555555 u.) 5. 55. ud)
55 555 555 555 555555 5555 555555555 5555555555 5. 5555555, 1555
..555555555555555555 2⁰¹¹ 55555555
· 555 555555 5555555 paurar tit 555555 55. 3515υ iffi 55555555 555 55555
5555 55555555 5555555 55. 955. 5555 555555 355555 5555555 55. 55.
5555 5. ί55555555 5355 ἓ55ἓ5555” ..15οὲ 55555515555515555555ἓ ἱ5555
55555555ξῖ55, 555. 5555555555555555. 5, 555ἐῖ
55555 55555555, 5555555, 55555555 5. 5555555 3555, 5ιί5 5555 555
55555 555 55555555555555. 5555 555555 55555 5555555555 5555555555 5555
5555555555 5. 555555555ῒί55 555 555555 1191; 555 55555 5555555555
555 555 5555555555 55555555 5. 3. 1555· 555 55555555 555 amdam. 55555555
555555 5555955555555555355555555535555
ἓ5555555555 555 55555 5 5. ς55555 555 5555555 55555555 55155555 555 {ma}
55555555 1410; 555· 55555555 555 5555 5. 55555555 1⁴4⁰? 5555555555
555, 5555555 555 5555 5555555555ιρ 55555 555 5555555 .
5. 5555555555 1151; 5555555 555555 1465· 555 55555 55 5555555555

555 5555555 5. 5555555555

1554· 55555555

555 555555 5. 555555 55555. 55555 5555. 5555555555 5. 5. 5555. 5555555555
55 55555 1551; 555 5555555 555 55555. 555. 5555555555 5. 55555555
5555555555 5555555 1555; 55555 5555555555 55. 555 55555555555555 55 555

355555 1524 5. 55. u. 555 5555 55555. 555 55555. 555 Ι
555 55555. - 555 5555555 555 mit 5555555555, 55555 5555555555 5.
5555 55555555«55555ἓέ555,55555555555555555
55 55555, 555555 5555 55555555 555555 55555555555555 5. 3555555Ἰ 55 555,
55 55555 555 5555555. 555 55555555555555555 555 555 5555555555 555
555555 555 55 5555555 5555, 55555555 5155113 5555555 555 555 5555555
5555555 55555155. 55555 555555 5555 555 5555. 555 5555555555 555 555
&morigia 555555 5555555555 555 555 555 5 555 5555551555 555555555555
ι55555 55 555 555555 555 5555 5. 5555555 5. 555 135555. 5555555

55 55555 5. 55555

 

