2oe

11 8111111 111 1111111111, 11111 11111 11111111 111111 brien 111 11111111
1111 8111111111 1111 1111111, 111 11111111 11111, 11111111 1. 81111111
111111 11111 1. 11111 11111111111111. 1111111111 1111111111 111. 1111111111
111111111. 1111111. 1611. 1111. 811111 8111111111181111111. 11 8111111
11111111 1111111 mit 11111111111111111111111 (11111111, 11111 P. ‹Iqentyfinc
1111 311111 11111111111α1, 1111111111 111 1111111111 11111111. 811.
Run gii Notitia 111. p. 101.
[111111111111111. Siloa. 111 α11 11111 3α1111111111111111]

⁸⁹) 1111 8111111111 111 11111111 1111111111111111111111111 1111111111,
8111111, 111 111111 111 611111. 11111111. 11111111. 11811,1ιιι
81111 111 111 81111111 11181111111111.

⁶¹) xobfits, 11111111, 8111111111, 8111111111111111111111111111111111-
11111 1111111111111111 11 anno 1000 usque 11111111. 0111654.
1. ξς. 1611. 11111111. 11111 81111111111111111111111 11811111111111;
l 1111111111α11 1111111111 8111011111111. 11 8111111111111111 111.
1. 1811. 1111), 11 1111111111 1. Θ. 304-470 8111 11111, α11 1. 1111111111
1111. 1. 811111. (111 1. (1111111111, 1716 111 11181111111111 1111111111
111111111111111111. 11811, 11111 1111111111 11181811111111111111 11
8111111, 1111 11111α111 111. 11111111111111 11811111110111ΧΧ11. 1.
8111111 1. 1. 1111- 11111111 111111 111 11111 31111111. 111111. 1.
1111111111 1111111111 81. 1. 8. 141 11. 1,,1111 81111111 111 8111111111
11111111 8111111 111ξ1α111 16191) u. 11 1111111111 8111111111. 111
1. 111 11111111. 1119. 11. 410-411. 11011. 81111. 811111. 11111. 81.
mmmmzffiQm4n

Im (Igffim Kobl. 111 1111 111 1111111111 111 3011111111111111811111
11111 1.

⁵¹) 1111111 (1111111 (111 1111111 111 1. 01114. p.9 11111). 1111811111 111
(11111. 111111 ,811111 11111 8111111111 (1111111, 11111111 111 11111
[1111111111 «111111111111 1111111, -17111 ς111111111111111. 11 801.
(God. XXVII. 11 81111111 Notit. 1. 1811. p. 3) 11 1111111111111111.
8111111.

⁵⁸) 11111111 (1111111 1. 1481-1170. 111111111111. 1141 1111111 1111111111
111 8111111111 11111111,1111 11 1. 111111111111. 1. 8111111 (0111. XXXII.
11 81111111 Notit. 1. 1111. p. 4).

[11111111 ,,11 Ι(111 8. 11111111 obiit reverendissimus (11111111811111111
31110511111111101515“XIIII 1111111111 ‘15³³ 1112351115
1111111 1111 1118111. 1111111111111111]

’4111111111111111111 111 4· (Cod. XXX. 11 81111111 Notit. libror. mscptor.
histor. 81111111. spectant„ quos servat biblioth. acad. Vratislav. 1. 1811.
113 11), 1111111 111 8111111111111111111. 6111111111 11 1. 1111111111
1111. 1. 811111. 1111. IV.4⁰. 141. 1111111 (Esaias Fiebing) ,(1111111
11111111111111111111116111181111. 8111111111111.11111181ε
111111, aud) 111111 111 1111111111 11111111111111 1111111 1. 1111111111.

Item 1101 8111111111· 1. 81111111 111111 81111, 11111, 111 111 1111111111

 

