191

555 5555555 5555555555 555 555555, 55555555 5. ι55555555 u. 555 5555555 5.
55555555555 5555 555 ς55555555. 55555555 1164; 555 5 (ἢ. 295 5555555555
5355555 555555 &abimus im 3. 1170). (555555 {oft 555 Θ. 235 555 gu
55555 555 5555555, 55555 555555 55555 555555, 55 5555 5555555 5555 555555
5555555“555““55ἷ5““ἔ5155”555 555555555ῑὲ5 55555555. 555
5555555555. 5555555555, 555555555555513. &urbe vonstnffcgw
5555 5555555555 5555555555, 555 2 555555 5555555555 555555 5555555
5555 X. 5. 555 5555 555555 (555555 u. 55555555 555 555 55555555555555
5155555555 manum 5. 555555 555 ᾖ. 1532 555ῗ555555. (Q 295—306: 555.
555 31522 u. 23 555 Qu 5555555555 X. 55 5, 555555 555 5555 355555
555. 555 55555555555555555 55 5555555555 55555 55555555 K, 5555 555. 555
{Ram 555 (555555551555555555 5555 55555555 5. 555555, 5555555555 3. 55555
bug 1523· 555 555555 X. 5555555555 mit 555555 55 5555555555 5555555
515555 55 &ruffum 555 55515. 555 55555 X.; 555555555555555555555555
5555555555 (ᾗ. 303-306. 5555555 555 ,306-337 555 5555555555 555 bera.
555555 u. 55555555, 55555 555 55555555. (55 5551555 555 5555 3555555555
55 5555555555 5. 5. Q. 1525, 5555 55555555. 5555555555. 555 5555555555 5555
555555 555 berg. (55555; 5555 555. 555 5555555555 555 5555555555 555 {nube
555555 55555555, 5555555 555 55555555555555 1532, 1555555 555 555555. 55555555
- 5555 55355 ῧ5ἃ5555 5555 5. 555 auti) 55 555 5555555 mit 5555 555555
555555 55555. 55 555 555555 5555555555555555555555555555]

555 2. 5555555555555 5551555 555555ἑ (55555555 55 555. 592 5555, 55 5555·

555555 5555555555555 ’5. 64 555 . 55 5. 55 5555. 55 555 ῼ555555555555
(zamma 5555 5. 5555 5555555555 55555555 55. 5555 5555 5155555555 5555555
555 555 Datim 555 5555555 ,5555555 &md 555 Kantzov's 5555555555.
chronic 555 5555555555 555 555515 555 1555 5555555 55 555 5555555555 555
515 5555555555 5. 555555 5555 555555 555 15555555 55 555 555 555 5555
55555555 555 5. ὓ555 555 {Rollin gei 555555 555555 55555 555 555555 5555

5555555 555 3. 1124, 5555 5555 55155 555 5555555, 555 555) fn Nr. 645.

5555. 555 5555555555 5555555 3555555 55555 5555 1. 555555 5555555155
[55555 5555555555 (555 555 55555 5. (555.) u. 555555555555 ς5555555
555555. 1. 5555. 1. 5. ὓ. 35-39, 5555. 2. (555 Θ. 4ο 55) 5. 555). 3. 555
(ἦ. 100. 555555555555 „Qum 55555 ς5555555555555. 5555155555]Ι [55555555
„QG 555 5555 35555551, 55 55 55555 555555 555 555555 5155555 555 Qut:
5555555555 51555555 5. . 55 ὦ. 12 555 555555555555 55555
555ζ5 5555555555 5555555 5 &teste ,5555 5555 55555155 555 555555 nen&
55 55 555 555555. 5355555 5555555555 55 5555555555 ὦ. 13. 35555 555
555 55555555 55 ς5555555555 u. 555 55555555 5555555555 ’555555555555 55555555
5555 555 5555555555 5555555555, 5. 55555 5555555555 5555 Ptolemaeus, 3¹⁸³
5555 mit 5555555555 555 Tacitus; 5555 555 555555555555 555 (555555
555 55555555 5. 55555 55555555 (5555555555, 555 5555555 5. 555 3555555555
555555 55555555, 555555 555 5555 35 5 555 555 555, 55555555 5. 5. 5555555
nath 3555555, 555 555 5555555555 5555555 pn 3555555, 555 555555 55
ι555558555ιῖ 55ἔῲ Ἡξὲ55556555ὒ5. (55, 55ῠτ ὓὲτηίῲὶιιηξ 555 5535555555αὲ
5555555555 5555555 5555555555 5555555555ἔέ 51555
55 5555555555. 5555555 555 555. 215-425 ,5555 5555555 u. 55555555 555
55555 5555 55555 5. &tertium 5. 5. 555. 55555 5555555555555, 55555555 ‚m
5555555555 555 555555, 555555 55, 55555, 655555 5. 5555555555, 55555555,
&tuam u. Rtiegssmefen, 655555 5. 55. - 555555 5555 Tantus Germana).
555. 42 555 ,5555 555 5555555 5. &lavem 55. 555 5555555555 5, 5555
5555555555 55555555555555. 5555555, 5555 5 re 555555. 5555 5553 5 55555
555 555. 55θ {Hie 1121, 55 (555555, 5555 55 55555555555 35555555·
555. 5. . ’

m.

..Ι

 

