³08

. 16166666 ιι. (6611666 66 661166 6 6666 6661111161 616666 61666666
666111616166 6111666 66666 6661661166 661 666 1166666666 66666
1116166616 616166, 6611166116 6666661166. 61666 666 66166 661
66666666 66666166 6666 66116166666661661611666 1649. 66661
1116666166 666 11161. 6666116166. 116616666616666661166 666 6. 661661
, 1651. 116 6161111666 6666611616 16. 86666. 1166661666 1166661666.
1166666666 616661116616666. 6666 66116661666661166666666,
16 1161666111 6666666616 6666 1306 6. 611 1116 11166). 166616 fis
166666 66616711, 6616661666666666, 66666166 6. 366 &mumma 6. .
6616. 166616661166666116666 1669. 6661666166 1666 66666166116166661.
1116666161 66 666 ,1661161166 66 66 1161666666 666 66666616666866 666
6116616611 661161661696- 611 1517 6.), 61661661 6611
6616.; 1166616166 666 666116 16 66666 616166 666 661666 66 166666
166 6611111666 666616666666611666661) 616 1611. 16666 „ex mnu·
611111116111116 6111 ‘sxtssfi‘ssossssffissffm‘ffi‘1353&ssss
66666666666666666616116166
166666 66616666, 6666 6668166 6. 6111666666666116866 6. ἵ66 16 f
{lust'prlfflwg lathfflb-sszgfffi: 66161.ι hm 6631616666 66ξῖ6
13666666 1570-1311. 6. 737 166- 6166 66666 6666111. 61616113. §gum
6116111111 111611111161611111ι..’661ξᾶ 616111
666 11616666 1160. 6. 989. ,16666 6611661661 666 666 6166166 6118616
661666 666 6661111616 66 (666166. 666611666116166 η666 366666 666
66661666 166666 ι’, Q 1116. 666 6611661161166616666 666 (616.
6666 6666166666 1. ,1073 166. 6161166616166 666 1511 166. ,16666616
qui putatur esse fluuius! Q 1100, 666 61666 6 6111661166. 6666
1166666 66666 1519-1690, 66111661 66616666. 1616616616611166
6166616 66116) 6. 1666. 1116166 1116116616 66 1666), 6116 66661666
1666166666 (666 61116 16 166 1166666116 6616666 611 1611666666 6. 66166

66116166 6666111666611611616 666 166 17. 3666 . 6616611. 61393.

616 6661666 11611. mit 1666166166 „vom 66611666 1666161161Ι 61504.
666 6116 6616166166 666 66611 et 6666666666. Qud> 6666611666
6116166 666 66666666661116666. -«”1.11’. 11414 6.) 66661616 666116.
66166116 166666161166666166 6661116666 6.1164-1699. 1661166 616 6ι6
1111111111111)11111111111111111111 11
68666666 {Ques Q· 74Ιὲ 11661666 1611ι6616τ1666666ῗ 6. ζ71ἓη111ε61
1661 166666 666 6666666666. Q 716. 666666666666 666 1666616166 1566.
Q 751. 1166166666 666 1166 et, 16 1666 6166 66666 1551. 6. 753.
66166666 66166 cuz 1563. Q 757. 6666661111. 166666666666 1551.
6. 796. 66661666 661611 1599. 'Q 601. 66616166666666 66661. 66116.
6.634.11116666661666161616666166 666 61. 666116 1547. 6. 651.
11. Mart. Mylii Annales Gorliconses ab ao. 1131-1651. Q 1159 (6616
6. Η61161. 666. D. 16611. .1-94. 6. bam. 11106611616161661
1665ξηῖ66661ρὶ6 66616ἕὲἶῖ16. Omen quptiale: Laurellus 6166666166,
66. &lgm-2131& suffit 1³⁹6 1361165631 lffigb'flffffisf' ξ’. {ffel
Barth. Andreadae sacrum cenotap um Salvatons, carmen. Q 1109.
&tm 6. Hoffm. 6. 6. D. 1161. 1111. p. 114-116. 6. 661.) 111666 66

6116. (1166166 616 armis contra ’161666 1596. Q 1171. Carmina varia
66166661 66666666-6661 15196. : 1161 t. 666 6136 Q 616
66666 66666666..666661

 

