139

116 6111111111, 111 1111111111 111 11111111ξ 111111 11111 11 1111111111111.
61111111 11111Ιί11 un: 11111111111 111 11111 14401 11111111111111
1111111 1. 6111111 1417ς 1111111. 111111161111111 111 111111
1. 6111111111 11 111 61111111 111111111111111 111 11111. 311111 611
11111111 1609; 1111111, 1111111111 Paetis, 111111111ςί11, [11111111 111.
uae quoad Religionem catholicam 11 catholicos 611111. Regi et Regno
1111111111 in Ducatu Ρ111111111111111111111 S. 1601116011, 1612, 1616,
1617 1. 1657 (16.1. 111111 111 1111111 L. 11111 11111 111111,111111011
1111 111 111 111111161111111111111111111 1111111 11111. 61111 6111111
11 1111111111ίί1 6111. 6111111, 111. 1111111. ι1111111111111,
1111111111 6111111. 11111 11111111111111..111111 1111111111, 1111 w.
11 111 6111111111111. 11 111 1111111111ηό 1111111111 1111 11111 11111·
1111 111111611 11111111 1111 1111111111, 111111 1111 111 1611111
11. 11. 111 111 1111111111 1111 611111111111. 1111 6111111111111111
111 611111 1. 111 1111111 111 111 Ι.. 11111 11111 11 111111]

*161111111111111 „Compendium Historicum. 6111116111111111111111
1111111, 1111 1111111 11 11111111 1111111111, 11111111 111161111111111111
111111 111 111 300 1111 11111111 1-1641). 11111 11 6111 1111 111 1111111
11111111 11111111111111111111 1111 111 11111111. 1111 111- - 6111111.
1111111 1611111111 6111111111 Bu 6111111111, 11111111111111111 11111111
1111111111111111 1111111111. 1. 111 11111 6111 111 11111111 111111 1111 111
11111. 11161111. „Paulus 6111111111) 11111111. 11 11. 4. (141. 149-
190 Q) 111. Boruss. in Qrt. 237. 1111 111 1111111. 1111111111. 1. 1111111.

[611 111111 111111 111 6111111111 116 11111 611111 111 1111 3. 1641,

111,11111111111 111111 1111111 111 11111 1119611111 611111, 111 1111111116
1111111. 611111111111111 111111 1111611111,111111111611111
1111111111111 111111111, 111111 111 111. 111111116111111 111 1111111
6111111111111 1111111, 1. 1111 1111 111 61111. 11111111. 1111111111 111
gt. 11111 1111 111 11111 1111111) 1111111111111111; 11111 111ὓ111 11

111166, 11111 1111111111 11161111111. 111 11 ..61111111 111
1. 111 1111111111 6101-117. 111111 11111 1111111111 111 111 11111.
111116111111111111, 111111 1111 11111 1111111111 11111111111111 111
16.,11.111111111111111111111163111111111 111111
111 6. 111-148 1111 1111 111116111111111 111 1111111. 611111 1. 111111
1111111111 1111641,111111 11 111 111 11116111116111111 111 111ι
1111111111 1111111111 1111111 1111 1116111111111 111 1. 1311111 1111111111
1111111113161111 1. ’11111111111611116111111ἒὲ
1111111 111 11111111, 111111 111 1111118111111111161111. . . 111 111
611111111 61111 11111 1111111111 1111111 magu* &125—132. 6111111
111111 1111111 1111111111111111 11111111111111 1111111111. Ducum
11161111.11116111111111111,111111 11, 61111111111 1. 11. -
111111 16. 149-1901 ,111111116111113111181111 ,11111111
1111111 1111 11111 1111111111 1111111. 111 11111111 1111111,1111111111
11111 111 1111111111111111161111111111111111 61111111111111 6111·
111.” 111111116111111111111 1. 1. 1111111 111 11111 61111111, 11111111,
11111ἒ111ῢ, ῑ11111111 1. 1. 11. 16. 161-190 , 1111111111111 11111111*
111 11 1.

⁸¹) mmuh, 0111. Sam„ 1111. 16311111, 6111.61111.81111111. ,
1111111111. 11111111. 1106111. 11111111111118111111111111111 1111111111,

111

11111111. 11111111. 1711. 1719, J. 1111111111,111111111 8111111111. Le¹ ’

 

