111 111111. 1111, 11111111 1111 11111111, 111 111 11111 11111111. 61111.

111 11111111 11611-1531 111111. 1111111111 1111111111 111
111111. 1111111111 111 1111111111 1111111111 „Thom. 11111111 (111111,
Pom. 11 3. 1111111111 11111111. 61111111111111111111 111111 Krantzn
Wandalia 1. Eiokstet's Annales Pomer„ 111111 aud) Βιι1111111ιι,
. 1111111111, Cramer, Wedel 1. Ghelopoeus. 1111 ιι. 1111111 111111
111. 11111 1111 11111111 11111 6111111 111 1. 6111111 11111111 mit, 1111
1. Q. [1116111111 1111111111. X. ssfirfenfumpf] 1111. 3. 6. 307-309.
1111111111 111111111111[111111111111111.3.6.33111.(111
61111111. 11111111. 111111. X. 111 (1111111111 1111166197 11.
111. 1111111111911111611611111111111111111
1111 . 6. 293 11. 111 Chelopoeus; 11111. 6. 299 111 Leutmgon
11111. 6. 391 11. 1111111. 1. (11111111 Αιιιι. 11111111 11111. 6397,
11113411111461111124111111 411161 11111111111111ῗ111111.Ρῶ1111
111.. 6111ίὶ111 1. {3- 1570. 1111111111 111111 111. 811111111 111 1111111111
111111111111111.111111111111111111111111111111ῗὶἶὲ
111 111111 1. 1111111111 11 16111111, 111. 111111111111, 111 11
1111111111) 11111, Fontanus, 1111111111111111. 1111111 11111111 et

111 111 111 11111111. 11111111. 111 1111111111 1111111111111111111111
111111 1111111111 111 obet 1111111, 111 111111111111111 11111111, 1111
1111111 1111. 31 111 611111111111111111111. 1111 u. 11 111 11111111

1111111111. 11]

mee 311. 1111111111 111111111111 1111111111 111111 11111111 1111 111111

s 1111111111, 1111111111 111 6111111111 111 311116 1633 (1.1. 1111111

11111111 1111111111 11111 111 61111111, 11111111111111 1111111111. 1111

1111111, 1111111. 611111111111111.1.111.) in 111 1111111111. 6111. 1835.
111. 3. 111. 1. 6. ι11-ι61.

’1611111111ἰὶ 11171ἑέ)111δ1 (1151111111Ῑ1ἓ1111Θ11ι1ί1Ῐ11111Ξ1,ἳῗῑδηιίιὲᾓιῗὶοὲ aot?
1111, ,11 11111111 11. 1. 111.
1911111111111111 111ε ..611 hurd> 111111 ιι. 6111 1111 111 1111111111
1111111 11111 111111 1. 1111 1111111111 11111111111111 (1111111111
(111111 11111 1111111111 111 11111) 111111 1. 6111 11111111 (1111111111
611111 11 11111111 §Det 111111111111 Qut: 1. 11111111111111111111 1111111
111 11111 u. 111111, 111 1111 mun 11111111 111111 thratia 11111111
11111 Ρ. R. Golberg in 1111111 1111111111. 16961 (136 6. 111 1627).
„SM 1111111111 (1111111111 11111111 11111. 61111111 11111
111111 (1111111111 1111111, 1111 Anno 1637 11111111 1650. 61111111
1ι1 11111 1111 Anno 1696.1 (400 6.). (111111 111 1111 111111111111 „autor
mit quidam Rudolphi Gryphisborgensis, qui quondam Stfichoviensis
praedii administrator suit.“) 11911 11111 111111 1. 6111 1111111111 1111111
1111 1111111111. 11111111111111 11111111111111 1111111111 ebrit·
111 11111 11111ίί11 111 1111 3111 1. 611111 6111111111 611111 11
11111111 111111111111111 1111111111) 11 1111111 611111 11 1111111111 1111
11111111. 1111111111 111 1111116116 11, 111 11, 11111111 3111 11 burco
111 111111111111111111111116111111161111111 1111161111·
111111 1. 11111111111111111 1111 1111111111111111111 111 111 116 3111

 

