11. munuum ,1111111111111111111111111 1111111
111111 1111111111111111, 11 1111 111111 11111 111· {ite
111 11111111 1111111111 1111 111. 111 tic 111111
'Set 1111111 111· iu 11111111111111111111111ῖ11 1.
„Westphaliam intravit et 111111 castrum 1111
1111514 111 111. 10 111 1. 1. 31111 111131
11111 1 1111111111,111111111111611111. 1
1111311111 11, 111 1111111114. 1111 1111 1
11111111, &tede 111111 01111. 11 11 111111
gon 1111111111 „De Haoekonsi Cometia⁸ 111
⁵ 111 mit 1. 111. 11111111. ,1. 1151 fuit grande
1111 1. 1111111 1111111 11, mit 1. ss). „Seio1
1111111111) - Madv. 1111 1. 1. ffss. „Sequitur d
3. 231. 1151111. 111. 1. . „Anno 1311. Comes
1111 11111111111111111 1 111111311111 111111
1111111. 13111 - 131. 101 11111. 1111. „Cot
moniao“); 4111118 11113 1111111. 1111111111
111111111611111 5. 111. 119- 143 1111 1. 111.
do 111111 otc! 1111111111 11 111 111111
11111111111111111’ u. 1. m. 111 111. 1131ς 6.
11111 fib. 1431 11111 111ῧ1ς 1. 111 111. 141
11311 1111111111-111 (1111111111. ,1
1. 111 1111111. 111111 111 Bon. Kerckhordo ι’
111. 17111111 1111111 11111 1111111111. 111111
11 1111514 111 &angen 1111 111 11111111 1
Su 111 1111111111 11 111111ἓ111111 1111τί·
1111111111 111111 {fl- (sanct Nicolai 1111111111
g 1111111111 ub. 1151 1. 1190, 1111111111 ι
11611 111111 fib. 1191, uod> 1111111111111

get 11111111 1. 1164 11. 1111. 11111111111111

1. 91 11111 . 1111 1111 1111111111 1111111
1111. 13 11111111 fib. 1351, 1115, 1311, 111
231. 118 1111111. 1511111111 1. 1391-13116, 1
(11111111 1111400-1511ς mit 1111111111 1. 1

mih a‘nno‘fflnlmmu lmt.. 11

 

