263

Ι’1 11111, 1111111111, chronicon (1111111011. 1110 1111111). 1111, 1. V. 11111111.
Varsav. 1111. (111. 01113111 0111111101 111111 11111111 im 3, 1101.) 011.
ἓίἱὲἓ1ῐτθ111ἓ1ῐ, 60110111111 0110111111 00. 3. Q 315-117. u. 10111

⁹⁹) Kadlubko, 1111111111, (111 0111111111 011 11. u 1111 1. 0111111111 011
13. 311111.1111110),0 ,11111 Q 151 33. Nr..3

’0011101110111119111111111 11 domo 111ἱ111111ῒ11,Ερίῐὲοορὶἷο1111111ἓ1111ἰ ((1130),
romeon 00111110 011111 0011 mua 10110 882 onls 1180 08.
Prodit sumtu Jos. Alex. Jablanowski, Principis 011 J. Dapiiori
11, Ι). 1111110111, Capitauei Buscensis 1111111111, 1111111110 J. 2.(1111111)
11, 0111111111. 1751. 4. 11. (111111 (1111111 in Sommersberg's 811111.
silesiae. 00111111. 111111. oben Q. 15111, 1114. 3. 0, 11010111
,111111011 01111111 0111111111. 011 11111111 ,0111111111 011 1110111111.
011011111011” in 0, 1111111111. 11111111. 1811. 001. Q 120-130. 1. 1111111
0111 ,0111111111 0111111101 1111 Boguphali 11. Chronico 1111111111ι 111
0111111111 1111111111. 01111111). 001. Qt. 10. Nr. 111. Q. 491-101.
(0, 111111 011 0111111 111111, 011 11111 1111 1111111111 1111111111, 11. (11111
111110111111 01111115 011110. 1111Β. 1111111111 11, 1111111111 11111 1111111 .
0111111111 111( 01111111),

[Boguphal'3s 011110111101111111111 1111 1111111111 3111111111

1111111111,11113.11111111111,-11111111101111111111111111111111

1153 11111111 110111111111111111111-011111111111111183111111 11. 311
ἑῗῖιηκτ 11111 (1111111111 0111111 3ut 0111111111111 11111111 1111111111 011 1111οι
„3333333333 3333 3333333 11111111
01111111111111111111111 01111110 ...41101111 110, 0199)
1110111111101101111111111101110111((111111111111111111111);0
(1.01111.0100)1100.111(11111 131111(1111 111) 011111. 011
011 1111011 0111111, Q 16 1111111011 1111 111101111111111110111
1111011011(11(11331111111111111111 015.(.00110501)110111
1εῶ 011111. 011 110111)11κ1ἐ)1111111ἔ1 (111111011111111111160111811111 -
1 u 11 111
1111110000οῗ 39 1131111111110111111111111111
111110.011111111111,11111111, 0101111111 011 01. 01111101, 011111
1111111111 (1111 1101111111 0111111111, 1111111111 1111110111111 011 11111111
11111111.01110110110111,0111111111,01111111.11111110.111111111
11111111 0111111111. 0111111114) Q. 11 333. (1. Q33 311. Q 501 3101)
1001111111101111.1111011111, 1101110111011111011011111111111
’1111111 (01’ 11 011010111101111),0.11,1“11,011011111111111111111
1111111111111111111111110111.0111111.111.01 111 0111011 1111111110
1111111111 1111 1111111, 11111111 011 1111111111. 11111 11111111 0111111111 111
11101 (1111111 1111111111 01111 01111111 11111ηο 1,,,1171 0101109.
111.1111.01111111111111011,1111011111111111011011111111111110.
1111111111, 11111 11111111 nur 111011111111111111111 11111101, 0111111111οε
11111111 11.0111111111111(1111 nur 0111011 (1111111111 01111 1111100111 11111Ι
11101011 Q. 1001. 1111810110 00111ὁ 011111 1011 0112 101102111131111111111
11 [er 0Θ 1β691112111131111 0. 506) 11011 0. 11111111111111111111
11 omn

10111111111110111110 133.Nrb)·-¹⁰¹)1¹⁰¹²⁰V¹⁸ 111111· (¹02 (1· ·r

111111·

 

