Fol. 453. 1515. 5. 1. Ubiffn. 555 1155555555 ,555551 558 555 5555555
5551555ιὶ555 5555 mitte 515555- — ,55555515 .” Um 5555 553
1. 55555. 555 (bei 535155 Ι.) 55) 555 3 Q 555 555 5 tutae 55515
555555 55. 55555553 Ι. magn, 551555 {ab 55 ἲς. 1580, 5
555555 55555 1585, 55. 55555555 5. 5555555555 1553, 55555555
555555 555 5155555. (5555315555 5. 5. 155 5555595. 55) 55 &ube 555
55555515ςί5 5555555 fiet> 55. 86. nod) 55 555555. 55555. ,5555555 i.
55555 55555555 55 55. 553 5555 5. 555 65555 555 55555555 5. 555558.
555555555555555555555315555555Ῡ55551
555 5555ἳ55 55) 5555555. - (555Εἱ555555555 {amnt 555 5555515518
5555555.,55555, 55 55
5 5555 455555 5555515 me 5515555, 5. 515 555555 5555555555 515
555555 55 5155 555555 5555555155 5555555 [tub .- 558555 555 555
55555 553 thnmudet‘idnu 55855553, 555 555555 [12 15 1. dn
555 51555355 555 5555555555 55555, 5. 555 3. 55555555.
5555555555 5555555555 5555555553) 5. im 3. 1537 55555
(ἱ. 555 5555 555 &instita ,35 5595555551. sta 5155555 folches 5555
55555553--55 5555551555 311 55 155555) 5155555 5555 55555
55ῇί55 55 55555Ι Monumentum 55555 5555 Ao. 158‘1‘). mie 555555.
5. 555 1. 5555. 513 aum 5555 (55551 . im ῖς. 1474 55 5555555355
(Q 43-46, 47-57.) 55555555, 15555) ium—bet 53515, 55 15 vitiem
1. 515ῐὼ. bei 555 5556555555 &ahten 555 555555 &bei 555 tad [unpen
553 555 madae 553 [555355 5555 5555555555 cinge (55555
55. Qu egen 55 5555 555 fut 55 555555 55. 5559515515, (55555 Ι. 5.
55555581. (in 5551555553 55555 Q 53-55)555.5.115555)5)τ. ,55555
555 5555555 5551551555 515555555515555 5555 5555555555 in 555
65555 55555 Qtnbt 5555555 555 555555 553 3. 555555 bet og. 555
bom. 5555555555 bie gut 55555555 555 555 555555 5553 unge 555
55555 (55555555 555 30 55555 Qeiten 553 3. 5553 551. 5555555555

55 einer Qu

5555555555 55. 2. Q119-158)1nfitt1id> 5555555555. 515555) 555555
5555555 Q 63 (555 555 3. 3555 555 515555 55 „Ratibor Ι. 5. 5. 5.“)
bie Q 68 (515). 3. 3555 555 5555 55) 553 §neumam 555555.
mann fnmmt (55 5555155555 555 Q (58 5. 55555355) 555 55555. 5.
6 Q ,5555 555555 5355555 55555 555 555 &istoria 35 Dusae effinz
555ἐῖ {bie 1319, aulem 555 55ιὶ555 turgeu 55555555 55. einen 5555555
5 5
5. 555. 5.), 55555) 5585555 55555555 553 memma Q 83 5. 555
55555 35555 5. Q 703 5135555 (mit 555 155555 bet 55555555 5555555
5155555553 55) Q 75 u. 71 555 ,55555 55. 5555ιι)55155ἱ55 555
555 &mumma (5555515555 pet 555355555555515155. (555ιί..
555 65555 (5553 ΙΙ., 55. 55555555) 5. 555555555555555515 5. ),
555555) 5555555 555 51555555. 55555. 55. 55553555 V. 5. i. 5.
Q 60-63, 55555) 55555555 55555 5555). 553 5. Θ55555555. 555).

[551387 u. Qtrulmnb 13351555 55. 555555 (5555615555

ffigssioeugrug, 555 55555 &mu 55 5. ’5555555555 5. 55555555, 5.

15515 5.

555 355 555555 555555 Q 71-85, 5555 fid) enblitb 555) 55) 183 Q
555 555555 55555555 553 3. 555558 555 555555. §pomerania (5. ἰ.
555 5555555555 558 555). 55555555 X. 5. ἱ. ’55555 bio 1532, 555 555555
5553 555 5 55) bid 4³1¹ OEnbe 555 3. 5553. (5. ἰ. bis gur 5555555555

55555555. .), 5555) 555 55555555. 55) 5. 55555
55555555 Q 55-30; 5535555 5555 555555. 5555. ub.

555555 55555 u. 55555153555155555. gule& 55555 555 555
1543-1803 55) 11 Q 5535555555 bie 5555555 5555555 {Dammana
553 gum 5555 553 «berg. 55551511. 5551653, 55555555) ἑθ Q)

55 nur 555 (55551555 558 5555555555 555 berg. Sobanu 5555 555 ,

 

