563

(111111111111111. 95111111. 811111111111111111116111111111
Tromouionsium 111. 901111-99. 9111 1111111111 111 111111111111
1111111111 11 111 11111111111111111 bu 1991,111111111 111191111111111.
111 11111111. 111 ug. 1543 u. 1579 111. 30-58. 811111 Ν1111111
11111111.Τ11111111.1111111111’ loquitur, 1111111111. 1111119111.
Capella S. Jacobi iu porta Occidentalj. 1311191119. 11111111
ub. 937, 947, 1008 1111. 59 adv. Ex (1111111111 1111111111. [1111. 1016,
1018, 1091, 1030, 1098, 1115] 111. 591111. fg. Cafpeuburg. 1199.
111161. 1111111118.1111111“Ε iscopi. 11911169. 111111111
1111111111. 1915111111. 6111111111111111 iu portu occidentalj.
1999. uu. 69 adu), 1. 911. 99 adu-62 adv. 1111 11111 9111111111 111
11111111, 1111 1111 11 Ful. 5741111111111. 91111 11 11111111111111 1111
111111 91111111 bet 91111111. 911111 1111111111 1111111111 1111111 1. 3.
1450, 1111 9111111111 einiger 111 1611111111 1111111111 11111111111111
9111111111 (Quidue 111. 111 6111111111. 1111111111 1954 uu. 69 {gu 111
1111111. 911111 11. 111811111111111111111 131. 941111. fg.; 111 1111111111
1. 911111. 1398 111. 101-111; 111111111111111111911111111 1. 1399-19961.
9111111111. 1111111111911111, 1. uu. 69-197, 1111111111 uu fibris
11111111 1111111111111111111111111.111111111111
11111111 11111 1111111111 1111111111, 111 1111111111 1111111 11111111,
1111111111 111 1. 1111111111111 sub. 1113111119111111111 111111, 11.
1111111. 1. 91111. 9111111111. 1111 1 111. 1111111111 u. 9111111111. &u
1111111111. v. Northof's Origines 11111111 11111111, b. 1. bu 1858, ut
111 611111. 11111111 1111 1111111111 11111111, 1111111111 1111111111111111
1111; bod> 1111 11 11, 111 North. 1111111, 1111111 111 111111 1111111111
1111111111, 11111111. gut 19111. 111 1111111 111 91111111 1. 1. 1111111,

111 1451111111 111111 111 11111111 111111 111111 11111111111311111 11111111

111111
1111111 d> 1111 111 91111111 1113111111111 11111 111111 11111111111111.
1111111111 1111111111 11111 11111 beu 1111111111 1. 111111 111111
't 1449) 1111111111. uu 111 1111111111 111 11111111 ub. 9111111111 1111
11111 1111 1111111111 u. 111111111111111 1111111111111116111111111. -
uu. 69-66 De 1111111111 (1111111111 1111111111

&tuqui 11111 1111111, 1111111111 111 1. 11111111 6111 11111

111111 111 91111111. 911111 1111111 11111111. bet 31110 1111111111 (111 111111
1111111111 1111111111 1111111111 111 11111111. do 1111111111. u. Lov. 1.
North. 11111111 uerbum 111. (1111111111 1111111 1119111111 1911111,
sub. 111 1111111 11111111 111111 u. (11111111, 111. 111 (1111111111 118 111111.
9111111111, sub. 111 1111111111 (11111111 111 111 11111111. 111111 &nuuc
- 91111 ung u. 111 111 Lev. 1. 1111111111, 111111 (11111. 1111
111111, 1111111111 11..11111111111111111111111111
111111191111911111 1160, ub. 111 9111111111 1. 91111111 1156, ub,
11.1111111111111111111111111111111111.11111111
beu 1111111111. 1111111111 1. ς1111111111, 1111111111. 11111111..111111111
1111111111111.11111111.1111111111111111113111111111
1111111 ox 6111111111 11111111 (1111111111. 19111111 11111 u. 11167-
76 1111, mu 1111111111 uu? 11 . 67 adv. 111111 111 91111111 1111. 111 ’bes
11111111 u. 91111111 1198 1. 1. 9111111 111 9111111111 11900 1. 1111
11. 76111. 1. 1111111 1111911111. 1997, 111 11111111 19111. bct (1111111
,1. 1. 1111111. 111111. uu 111 3. 1303, 1111111111.1 111 111111111111-
11111111 111 111. 911111 u. 1. 9111111111 111 1111 . 111111, θ111111.
11111111111111111111111111111111

111· fl

 

