575

11. 100 adv. 11. 1. 1331 1. 1111111111 111111111111111 111111). (111111.
11111011111111111111.1311, 111111.Τ11111111.11.1161111.11.
u. Noderh. 11. 181 -); unt. 1111 1.,1811111 1. 111 1111. 111 1111
1. 1341 111111 1. 1. 1111 u. 1111 11111111. 111. 11 111111 111. 11. 11111
1111 1111111111. 80 11111 1311 1. 311111111111111 11111 11111111
1111111111 111 11111111111111111111. 11. 80 adv. 1. 1311 1. 111 111111.
1111111111. 1111 1319 1111111111 (11111 1111111 11, 111 11 1. Anu.
11111111. 1. 1111111111 11. 11 111 &J 1311111111 111. 1111111. 1.
1. 311111 11111 1111111. 1. 11111111 1. 111111.,11111111. 11 „Pro-
ditio Prima² 1. 1. 1111111111 11111111111111 1111111111. 11111 11. 1111
111111 1111111111111111111111 111 111111· 115111
0111111111111111141. 11111111118211111· 11. 11 111111.
111111.) 13111111111111 1. 1. 11111 1. 11111111 1. 111111, 11111.

111111 (nur im 1111111111 111111 1111111111 1. 1111111111. 89111.-
91 u. 1. 111111. Trem. 11. 130111. 11., 1111111 1111 1111 1111111 11111111
mg* 11. θ13311111 1 ξ.) 1318111111ῆ111ὼ11έ1111. 1611111111. affingat.
11111111111111111...11111111111111 1
11111 111 11.] 111111 u. 1111111111 111 11. 11111 IV. 11 1. 11111 1111·
11111111 11. 1. „Sequitur (11 Feudo dicto Die Stegenrepsshove“; 1111 1111
11111111 111111 1111111111 1111111111. 11911111-94 adv. 94 11. 1.
1. 111111. 1111111. 11. 1111111111 111111 11111 111 11111. 11111111.
11111 1111 111111. 11 11. 1317111.) 13181111111111111 1111. 111111
1111 111 1. 11111 1111111111 1111111111. 1139 f . 1. 11 1. 111.
11111111. 1113111111 11. 1311. (fait 1 &J 1318 &ties 111. 111111.
1. 11111111) 1. 1111111, 1 11111. 1. 11111. 1. 11., 111111 111. 13 adv.
,11111118111111“ 1. 1. 11111111. 11111111. 1. 1. 111111111111111111111
111. 11111 111111. 1111111. 1111 111 111111 111111 1111111111 1. 111-
11111. 95 111-93 adv. 11. 1. Ann. Trem. 11. 131 adv. 1111111111
1111 11111111 111 1111111. 1. 11111, 111 1111111. 1. 1. Anu. 11111.
111111111111 1380 11111111 1. 1111111 11 1. (1111 1111, 1111 1. N 11111.
11. 100111. 1. 11 1. Anu. Trem, 11. 1331· 13141111 111. 111111.
11111. u. (1111. 11111111 1111111 1111 Q. 11111 111 111111 1. 11111.
1111111. 111331 1311 1111111111 1. 1111111111 11 . (111 Η11111.
do Broieke 11. 11 1111111111 11. 14-18 1111181ὲ11318 11. 1389
111111 111 1111111111. 1.1.11.,11111111.11111. 1. 111 1. 111111
111. 8111111 11111 111111. 1. 1111111111 1. 111111. (1111 1111111111ίί11
1111111111111> 11111 1111111111, 11111111 111 111111 311111111111. 11111
1111111111 1111111111 1111111111 1111 11111111 1111 111 11111111
111111 11. 11111 1111111111 111 1111111 11111111

1111111, 11111 11 1111
ubet 1111 11111ἇ1111 111 1111111111, 11. 1111111111. 111 1111111111,

1111111111 111 1111 1. 11., 11111111 111111 11111111, 1111111 11111111
1111 111 111111111111 11111111, 1111111111111111 1. 1111111111 11111
1111111 1111111 11111111111111 111 1111 11 1111 1111111. 1111) 1111 111
1111 811111111111111 11111 11111111 1111111111111 11111 1111111111111111111
111111111. 1111 111 1111111 11. 11111111. 11. 101-111 [11111111 111
1111111111 11111 1111 1 11111111111111111, 1111 111111 1111 1111111 ge·
111111111111111111111111111111111111111111111111
11111 11111 111111. 1111 111111 11111111, 1111111111,1111111111 11 e·
111 1111 1111111111 b N ederh. 111. 111 11111111111181 1111131111·
111111 1111111111111111111111111111, 3111111111 1. 111. gt· nl 111111
11181111.)1111111111111111111111111111111
111 11111111. 11. 1111 11111111. 1111. 1111.) 1339 1. 1400 1111111111

 

