237

111) 1 13..- 111 (1111 111 1.1ῖ11111111111111; 1111111111 1. 111
11111111 11 1. 11111111 1. 611111111111111 1. 1315-1603, 1111
111111. 1111111111, 111 1111111111 11. 11111111111111111, 3. 111Ρ11111111111

1. 8111111111 111111 41111111111111 11111111 a. 1111. 111 111 11111111 ,

1111 1111111111 6111111111 1. (111 111111 1111111 111 1111111111
(1111111111 111. 11111 11111111 1. 1. 111111 11111111111111 (11111. 611111
1111111111. 1 111. 111 1111111111. 1. 111111111111111111 11111
111111111111111111111ς 1. 1111. 1. 1. 111. 1. 1. 111111. 111 11111111.
(11111111 111 111 1111 1111111111111111111 miii 11. 1. stoi 1111 So
tuioitm); d. 1 111. 111 11111111 1. 1111111 111 111 Ι. 11 (1111111 111

111111 (11111. 1. 111. 11111-1111111 1. 2. 111111 611 11111111 111 1111111]

1111111111. 6111111 1. 1370-1611 (12 611 2. 111 ii. 111 11111111
syndici 11111111 1.1514-1197; 1111 11. 111 8111111111 11111111 1. 1414
ᾗ1137. '.’ 1111111 1. 3. 11111 1111111111 111 (1111111111, 111 1111111

1111111111 11 6111111 11111111 1. 1541 1611, 2. 1111111111. 111111 (11111
11111, 11 1. 1111111111, 61111111311111111111111111 1161111111
1111111.,111111111111111111111111111111111έέἒὲ
Tomos, Holmoidus Piosbyt:, Saxo Gramma-ticos, Alb.
01111111, Valntin 1111111111111,Τ1111.(1111111111,,11111.
11111111.11111.111111111111111 11111111
11111111, D. Dav. Chztlioe'us iri 1111111111, li. Dan. Oraginoruo
111· ’11111111τ11ξίτξ11η1111111 Μ. Andr. Angelus in Annol. 1111111111
1111111111, 1111111111 61111, 1111111111 1111111111, 11 1. 11111111
111 1110111111, Paulhaoharias 11111111 11161111111111111111
1....111111111111111·11111111....·,11111111111
11111111111111111 1111111111 ἱ1111111111.ἳῖ
111,1111111111111111 1111111111111.” 11111 111 ’11111111 11111111
1111111111. 111111 nod) 111111111161111 protonotarius 11111
ixii 1111111111.“1.111.1·.1“Μ’ ”W ¹¹'¹¹ 11111111

‚¹ 1111111111, 111111 1 11111

1111111111, 1111111 111111, 1111111111 1111111 1111 11111111 1111111111
111 111111 11111 11 1111 1111111111. 111111 11111111 (1111111111 111.

1111111. 111 111. 1111111. 1111111111 11. 111. 1111111111111

(i 111111, 111 11 11 11111111 111 11111111 11111111. 111111 111111
1111111 1111. 11111111) 111111 11111 Dotion (1. 11. Krantz 1. 111 111
1111111111. 1111111111 11111 11111111. 31111111 111 1111111. 6111111
111111111111111111111 1111111111 11111111 1111 1111 1. 1111111 11111111]

’1111111111 111111 111 (1111111111 1111111111. &iota 1111111111),
311111 1111111111 111 [11111. 1578 1111111111 1. 1. 11, Dr. utr. jun,
1111111. 1111111111, 111111. 11111111. 11111111 1. 6111111 11. (1111111111 111
6111111111 11 61. 11111111 11111111 11623. 11111101111111 11111111
1111111. 11114. 1111. 42. 6169. 1111111. 11111. 4. 1. 3. 1611 6. 34 11.
1. 3. 1616 6. 6ο. 1. S. 1623 6. 111. ..611 bod) ι 1111111111 1111111111,
111111 Valentini Wintori 11111 1.6111111111” in 1111111111111111 1.
1111111111. 11111111 (11111. 1731. 41111111. 6. 36-41. 1111111-

‘ ionii 1111111111 mominum plus quam O. eruditorum 111. Sodini 11114.
1111. 111) 111. 111. ,1111111111111 111111. 11111111 Sargo 1111111111

ironico, Finoolius‚ 11011111. 611111 11 “

1111111111Ἰ (1111. (18111111 1111111111. 111111) 1111111111 .

 

