11111111 11 1. 1111311111. I. 1. -· 3181111111. 1. 1333. 111111 1. ·

1. 3111113131. 11113). 11131111311111. 31101311111131.
- 31. 34 1. 1353. 01111111. 3111 lv. 11 1. Anu. ’111111 nt 130,
111111 11111 1111 1111111. - 31. 34 adv. 1. 1333. 3111111111 1131111.
111 1. Ann. Trem. 31. 130. - 31. 33 1. 1370. 11111111. 81111111111111.
Anu. Trem. 31. 130. - 3111 1111. 11. 1111111111 1. 311111. 111111
3111. 1. 3111111111. 11 1. 1111131111. 31. 130 - 31. 33 101111. 1.
1315. 3111111111 1. m. 11 1. Anu. 311111. 31. 1301111. 11. - 30
311311113Ι IIII·IIIIIIII.*IIIa-IIII
31. 131 101. 11. ὓέ 111 33 {dnus 1. 1313. 111111 1111 ’ 11111. 311·
1111. u. 3. (1111 ,11111111ι 1111. 1111311111 31 131. -· 133-331.
1313. 111111 111111 1111111111 111313. 1111131111. 1. 311111. 11 1.
3111131111. 1. 133. -· 31.11 1. 1313. 811111 1111131111. 1. 311131 111
1. Ann. 1111131133-3133 1111. 11. 1. 1313. 3111111θῖ 111. 1.
31111. 11 1. Anu. Trom. 31. 133. - 31, 33 1. 1313. 3. 311111 113.
11 1. Anu. 311111. 31. 1331111- 31 100 fib. 1.13111111 111 1. Anu.
Trem. 31. 13311111. - 31. 10011111. 1330. 3 3 011 1. ff>- Im·
11111111 1111. Anu. 111. 31. 133. -11111 1. 1310. 1111 111 3111·
11111111 11 13111. 311111. {IL 134. - 31. 143 . 1431 1. 1413 11 1.
11111111. 31.1111(11.- 31. 141 ,1111 1111 n 111 3111 11
11 1. Anu. Trom. 31134. -·· 31143111. 1. 1444. 3111 111 &Q 11
111 1. 3113111131134. - 31.143101.1.1430,1433 1114313111
1. 3111111111 11 1. 4111131111. 31. 133111. u. 134. - nt. 130 1.
1433 1. 1433111 1. Anu. 11111131. 134. - -1111 1. 01111111. Do·
minican. iu Tremon. 1111111111111111111ε 111 1111111111 111. 111311
11111111111311111. 1310, 1313, 1331 1. 1334 31. 11-13, 83 adv. 11
1. chron. DomInic. 31. 1 1. 3 u. Q. 43 1111. 111 3111111111 111 311111
11111111 1431 III. 1431111. 111 1. Ghron. Domin. Q 3; 1. 3 1101111111.
1434 111 31. 144111 Chron. DomIn. Q 1; 111. 111 11111 111 1111111111
111111 1. 1330111 31. 130 111 Chron. homin. Q 3. - 1311 11111 *iheu
111 1111111111 11 1111111111 111111 1111111111, 1111111 11111111 1111111131
11111111111111111131111 111 1. „Origines 1111ο11111..’1“11111111111“’
1111111. 3. 11111 11111113 3. 313-513) 31. 1-113. - 3. ,1111111-
dus Korckhorde Chronographus PraesbyterTromonion. an·
notavit haee sequentia.“ 1431-1308. (111111 „Anno 1101311111
11 111111 31111 1111 3133111111113 11111. 111111 1111311111 11.
1111 11111. 31. 113-113 (1111 10 Q) - 3. Renoldus Korckhorso
idem qui supra ot sequentium Rythmorum auctor. 131111 111111111-
1111 3111111111 111. 1113111111 1431-1433 incl„ 111 11111131111 111.
1431-9311111, 111 111111 11111111. 31. 113 adv. - 113 adv. 11. 111 1111111
3 3., 1111111 11 311 ’ 3111111111. 1333. 31. 30 u. 331111111111 11111.
311. oben 31431. 7- 11.; 3111111· 111 11 1111 111) 11111111 11. 1. m. wQie
1111111111 1111 1113. 1431-0311111. 11111111 111 111111111131111,
1111111111111111111, 111111 311111, 11111131111111. 11111 1111131111
111 111 31111111 11, “ 1111111 u. 111 11· 3111111113 111 11111. 311
11111111111131 111, 1111111111. 11111 Labe 11111 1111, 11111 111 1111
11111131 111111111111111111 [111. 311111111111111, 1111111111 1. 11311 1111
1111, 111111 1. 11111113111111, 1111111111, 31111111111111111 111 31111111
u. 1111311111 1. 111111 311111111111, 13111,11111111111111 111 1. g. 3111
1111111, 1111111 11111111111111111111111111. 1111111111 (3111111111 [1. 1434
b. . 3111111111. u. ub. 111 3111111111 111-31111. 1111111 11 VI. 111 111

1111111111 1. 311111. 1. 3111111 u. 1. gluten& 1. 1405 111. 1111111 I'III.
3111111111 1. 311111 1. 1111111 u. 1111111 11111111. 31111; 111. 3111111. u.
111. 3111111 3111111111 1. 31111111 111311111111111 1. 11111111.

3111111111 1111111111. 31111111 u. 1. 3111. 1. 1111111111 111. 11113111

 

