183

5515555551,55551155 1511 1535 155555515511155 5. 6555155151, 1551 1543
, 1515511511 511 155555515511155 55, 51155 5555, 1515 51155151, 5551546-,
1547 115111. 11515, 5155 1544 5. 1545 511 51555 555115111115551555155
55511111555555, [55151547 1515 1515111. 1551 515555 55551511 55115 551
11551 61515, 555555 1551 551 15155 111115 151555 61511555 5111515555
5515555555 5. 11. 51511555 355555 5. 65515555. 1551. 1151. 65155. 5. 61555
555551 55555. 5. 1155555515 5115511555. 5111. 11155155, ,1151 111151551
555 11555555 15555 5. 61551115551 151551151511515555 15555555
15 11155555551115. 1115555551. 11151511. 31151115. 674-85. 111-69.-
11111 11515551, 5515 51 155151, 11551 111551555551155555 515 155. etenum
555155511515511 (1. 551. 115131, 155515 555111555 1115555555 5555
115555515555 5. 551155 55151155 115155155551151555515555.
615511. 1771. 4. (1. 55551156. 6171 15.1; 5555 555 515155 6155111 55·
5151 555 555 1. 1151155. 16. 43-501, 551 555 155. 6555551511555
5555511 (1. 5555115. 5. 6166 1551, 155555 51551 15 5515515511555 55555
511555111515 ,651111515111555555355515111555. 61555555
1151555515555551555555555551551155115558151155155ι
55555511, 5555 111551. 5. 1115555555 1515111515 55 (1155551151. 5551155555.
151511ε ,6155555-11515 5. 6555515515 555 5555555 555 5Dum·
55555.Ἰ 11515555 ,1555555555 555855511555 555551555511515511155,
555 55155 11551115, 1115151551 511515 555 815155555511155555 555, 511
551 555555151155 35111 5. 1. 551. 1155515555 55555 111 55511151 15 555
1155511155 15 115. Boruss. Fol. 117. 551 5115151. 11151. 5. 11111. u. 115. Bor.
1151.136.55555.; ,6155511515 555 (1555515515 5555555555515
1,555”115.Β55.151.136.1 1155555555 315 55555555 555 6115511555 5555
551555 555 55 5515551 55111155560.ξ155555. 5515515555. 115511155·
15555 555 1115555555, 51511115551551551111555115155555 5511155555
(1555515155, im 15555 5515 11551111 5555515 1571.1 3511555555151. 135.
111 515155551555551551ι ,1155 515555 15555555 5555 511 551551 1663 3555
0551155151.1 (115551551115. 1151555 555 115555. 15115 5555551151. 1175
,6155511515 555 6555115515 551 6155155511555 55555555555
81551155 555 555555 555555 ς15111551555555555535615111511555
55555 555 5515555 555 11155555, 5551155351155555 555 (5551155 35
6551515, 55555555555 555 6555511555 5555 555555, 55511555511155 5.1.15.”
- 1155551155. 5. 1151. 15 115. Βο5. Fol. 136: „Stam Liuiae 5511 (15-
55515515 der Hertzogenn von Pommernn 651 61151515115555
555555555555 51511555 55551 55555, 1555555555 35 6151115 1155555555
55555555 555511555555, - - 11515511 55555555555, 555 6555511555
51151). 355 1155555555. 1155. 5. 1151511111. 1. 1115555555. 111515. 5. 6151115
155151 555 1155111515 ,1111 5. 1115555555 15555 1555515511 555

515111. 1155511555 6155511515 555 11111555 511155155 555 1155511555
11515151551ς 515 1155551155. 5. 555151. 555115555151511 5555555 11155551
511115 5511 555 5555 55555555555 1155551115. 551 515. 11551151. 1171555515.
35 115. 11155. 0151. 26. 111 551 115511151ι „summ-Liuio 5. (15555-

15 515 551 115551555151155 55555555555551551155 5555551511555511111118,

 

