241

Ι’1 6119199999 6999191969199999, 69919999 91191, 1999 9119 99 Qun 9. 919199·
99999999 99911916009199 1699699111999999919999999,19991119 99999·
19199999. (99 Q.) 6191199.1700,11.9.

991999 999 99999199999199111919 Q. 9. 1601-1699
19 91999999. 19 99999 99 Qrbnung 9999 19999199 9, 9999999199, 99. 919

[199919 99999119 99991

9999991199 999 9999199, 1919 99. 9999919999199, 6999999999, 11991999,
9999999999919, 999 99. 919 1999999 9199 99119199 996 999999, 919 99.
919 9999199, 9999 99999. 699999 999. Qefcbe, 9196199919 1999 99999999
6991 19, 999 99999, 999199 99999191. 1119 9,119919.9ιι 199999999999,
11999 ιιι 99 61911199. 619ῗ; 99. 999 (999999919999ἱ 1911)-1697 1690,
6919999999 9. 69919999, ιι 919 999 9199 (1.199) 99 9199 1191999 1690,
91, 95-97, 1660, 79999 76 1999199119 99. 9199999 9199999. 391991·
91919ῗὲ199199 911191 9919ῗὲ1 9999111Θ91991
9. 9919991196 9 3. 1659; 99 9 9999 999999 19999999 99 9911999999

99199991991999 ιι. 9999999 9.ιί999]

’9191199991999 99 999991999 1199991119 991 19919999. Qucum·
9 19919199 17919919999991991, QQtrng 999 9999999. 91919919. 9119199.
1799. 4.) 119111. (Q. 76-97); ,1199999 9191999 691999919999 919199
9999, 999 91999 91199 119619, 99 9919 919 99, 9991 9999 13999999, 99999199
[91. 1. 111919ιὶ99 (991911199999199 9919199199 9. 19199999 99 ,9919999
91999-1579) 6. 76-909 9. capitula 99999199 (9.1. 9199919199 999
6999. 991 919919. 919919 9. 1997-1559) Q. 80-823 99199199 999 999
69199 99999 (19131462) 6. 99 99.; 4119999199 Lohden 99999 91593) 9
Q. 99 999 9119999999 999. 9199919199 999 91999. 9. 9919999 99. 1449
-19196, 95- -.97]

’11699999193.9.,1)999ι9999991ι9199199159199.69919999191759ν56.

[699 ,”,91919999ι99 11999191 999 999 9999999999 91999 Qu·
99116 999 9999199999, 9991199 1939991617 9991119999991999
91199911 um 1 1199 ιιι ς9999911999 999 9999999995911199 999 999
6 919199 99 111199 6191119 9999999999 1999999 99 91999 9919991,
91999 ,19999 6191199. 9191999991) 6.-93 95. ,91999991999
AnnalibusBardensibus Q 9199991191147-153399999911
99999 99999. 199. 1119911919. 9. (9999999919. 11919999, 99 191999 91999
91919999 9196199199919 9999999 999 99911999 999 9991919 999
19999919 9999999991, 999 99999199. 1999999. 9999 9999 19999999 999 99
999999999 39919. munQet 999 6991999999 ς99999999 9919911) 6 169-
179- 919 11: 1199999 999 39999. 9. 9999919 9199999. 69999.
691999 Q. unt. 9991. Qb. III: 61.4; 1991199. (19919991
Ρ99999919119199991999991]19999919 0991911999ιί,1919119 (96119
96999911999999399.991999.)6.193-195.19199 99999·
99119691991919191. 9.99991919)ι19 1 ulmo 91 Areon, eversis Pome-
999199 urbi us 119999196199-130.6971191119ἐ19319191991
99999919 9199199999. 9199999. 61919919. 994. Q 99. 91999993999
919 999 991 9199999 99 996 111919 6 999 99919999 6199999999
695799..) 9999119111 Q 9199999,
11999 1497 (9.991999 919919 91) Q 961-967. 39999 999919 619999
99999916. 26799, 61.;9 9199999199 999 199ι999999999699999,
99911..1.(191999189919ιι 91999999991999119999119999919. 99999.
Cimbric 91 1199999999. Q. 277-284. 61. 11. Q. 391-399 Qb. IV.
699.6909-995ω-(199,111,.)61611919 (99999996 9991
99999999 9999999199 999 9999199919999 9999999999

ι6 Ι

99999 grotta 19999 99

 

