23

1111. 11111111. illustr. 111111. vn. (δ.41-61.11.111111111’8 111111.

1111111111. 1. 111. 1111111. 111. 1. Θ. 313. - 1111. 11111111 ( 11. 1609

11 1111111111, 1637 11111111 1111111111, 16401111111111, 11141 111111

1111111111, 1844 111.111111111111111111111111, 1067 1111111) 1111111

11111 111 61111111 11111111111111111111 111 1111 111 301111111111111·

11111111 1111111111111111111 u. 111 111 1111311111 1111 1111ὓ11111.
11111111111111 1111111111111311111 1611. 4.]

01111111111111111111111. 1111011111. 7)*1>11111111111111111 (1111111
1111111111,111.,1111111111111111111111111111111111111”,
,111111111111111(11111111,111111111111111111,1111111
111111111111111111111111111111·-11111111111111111111111111
1111 1111111 11111111. (1111111 1111 11111111 111 111111 11111 1111111111
1111111111111111111111, 1111111 1111111111 (1111111111 11 1111111111), '
111311111375111111111111111111111111111(,1)111111111111111111-
hmo chronicon ab initio gentis adan. 1330“) 11 1111111111 Monument.

historic. Boemiae. 111. 3. p. 11 111.; 111 111111111111. mit 1. zita:
,1111111111111111111111111111111Ρ111111111“,1111111111.1111116.
(116.) 111 1111111111. 11111111. 1, 1111111 (1. pag. 119. 11. 0. 3. 1161.
1. i. 1111 111 (1111111111 111111111111111111111 111 1111111111111111
111111319; 11111 111 1111111111 11. 111 1111111111 1111111111111111.
11111. p. 87 11. 140 11111111

1111113111. 111 111 1111111 111111111.1111111,111 111 11111111 111.
11 111 111111111111111111 111 1111 11111111 111 111111111111111
111 1111111111. 1111 11111111111111. (1131 1111.) 111 1111
11111111111111 (p. 140 adan. 1100). 111111 1111 111 111 1111111111
1111111111111111111111 1111 1111 (p. 189. 11111111111111111.
(1111111111 11111111111111. 11111111 111111111111111111111 1111111111
111 11111 1111111111 111111111111111111 1319 11. 189. 196 1118199100.
204. 206. 211. 214. 215. 217. 218. 219. 225. 226. 218. 23211. 13413911.
242. 151. 119. 100 101. 161 11.1; 1111 111 11111111 1111 11111. Qec
1111111 111111111Ιὶ11 111 111111111111111111111111111 (p. 161 .).
1113111111111111111111111111. 1111111111 1111 111 11111111 111
11111111111111111111111,111 111111 11111111 1 111 11111111 1111111111
111 111. Dobner 11 11111111 Observationes criticae praeviae in chronicon
1111111111 p 10, 111111 (11111111 1111111111111111 1661111111 1111
11111111. 11111111 1. 1. 11111 111 ς1111111111’1111111111111 111111111111 111,
1111. 11111. 6111111 (11111111 1. ⁵ 11 11111111 111111 111 111111
1111111111111) Θ. 1043, 111. 11. 1111111 11 1. 1. 1111111111111111.
111111 ἐ (1111111111. 111 1111111. 1111111111. 1110411111. 11 „mie
111111 1111111.111 ἲς. 1150.” 111. 1. 1139. 308 1. 1. -111111111
1111111111 111 1111 1111111111, 1111 11111111 {cutte 411111111 11111111
&capte 111111 1111111111 11111111111111111111161111111 11111 11111
111 11111111,1111 11 11111111111111111 (111111111111111111111111. 3.
631911), 11 11111111 1111111 11111111; 1111 111111 111, 1111 111
11111111 111 111 11111111111111111111111, 11. 1111 11111 111 11111111 ,111
anno videlicet etc· 111111,1111111111111 11. 1111111111 11111111, 11
1111111111 111 11111 (1111111. 1111111111 111111 11111111 1111111111 111
1111111111 1111 11111111 (1111111111001. 11111 1111111111111111 111
1111 111 111 111111111111 11111111. - 11111111111111111 11111111111111.
15111111 11111111 1111, 111 1111111111. Dobn. 11111111, 11111111. 1111
1111111111 111 111 111111 1111111111 1111 11111 11 111111 1111 111

1111111111 31111111. 111111. 1111. Ι11111. 61111111 1. c-D. (ᾗ. 10. 43 11.]

 

