193

1111111 1111111111, 111 111 Qud> 111111 1111111111 ,111 111111 1111
11111111 111 1111 11111111 111111111111111 111111 11 11111 111111
11111111 1111111111111111 1111111111 1111111 1111 1111111111 31111
1111111111 111 11111111. 111. 1561 111 111 1111111 1111 1111111111.
1111111111111111111613, 1111 11Ι 11 1111111111 111111 11.1 111 1111
111111 ’1111111111 1111111111“11“1““1”1111111“’11· 111
effi ιι31111131ἑῖ gbapbe 111ἱῦ 1111111 ff‘ss'fQflde'tgfigqm‘* ba {ab} 93 gg.
wormungtiaess'p 11111131111111(ἓ1181τ1111αὲῗ111ἳ11 11αᾙ11111111101ᾒ1,1ῗ1111111ἷ
1111111 111111(11111111111111111 111111 ”²³²¹st [²
1 11111111111 11111111 11 own mmmmm
‘ssfit‘ffinnmmef mobiebeb 1111 b& εἱιὲξξέηιὶ 0111111111 geobbznffbc W}

1 , Ι 111 11111111
53¹3?ssssss53⁹3?‘ass‘ffississessfffmf¹²19* 11111111111111111
§Domffilrass Ξῑηξῇἱῗτ. 11111η ς1.]1111111111 ‚⁶3¹1 111 1111111111111111. .
6111111111 ,1111111111 u. 1. 11.1 114 11υὲ111, 2 1811. 111. 1615 1111.
1111111111111111. 11111111
Ρ1111111111 111. (169 numer. 111111. 1111 1111111111 1111111111111, 111

1111111111 11111111. 1111111 : Absolvit Jacobus Donto 22. Nov.

1595. 2. Nr. 352. 423 11111111 1111111, 1111111111, 6111111 u· 1111111111

1111 111111111111111111.11111111111111111.-111111111, 11.
(111111. 11111111. 1. 1111111111 11113 1111. 111, 11111111. 1111 11111)
11811, 111 11 16. 11. 11. 31111, 1111111111 1. 1111 11111111 ge? 111ε
1111111111 ,1111111111 1, 1111111111,1111111111111 ez
111111 111 11111111 111 11111 1111111111, 1111111, 1111111,
61111111 111 1111111. 111111 11111111 1111111111 1. 1. 11.” (11111111
1111111111 111 1111111 111111 1111 1111 1111111. 1111111111. (111131.
1111111111111111111. 111111 1111111111 11111111111111311111111 111
1111111111. Bor. Qrt. 131. 111111111111111111 1111111111 ,31 {uby
11111 (11111111 1111 11111111111111111111111 1111111111111111111 1111
1111111111111111““ 1111111111 11111111111111111111
1111111111 111111 -1 1111. 11 1. 111111. 1111. 111111111111,
11111111 nunqua, 1111151111, 111111111111111, 1111110110, 1595.
geo 111. 111111 ,1111111111 11111111 11113111 111 111111111111
1111111111111111111111111111111111111111111
111111,11111111111111111111. 11111 11115 1111111111ηᾶΙ 11111111 11111
einp: ,1111111111 1111111111111011111111111. Gerhardus Aucu anus
Gnmm ipso d1e Luciae scr1bebat etc. faciebat.A.0.1595.“ —2 11111.
111 1. 11111111111111111 1. 11111111 1. Mser. 11. 1331111141. ,11111111
111111(11111111111111111111311111111111111111111111
11111111 1111111. 1111111 1. 1111 1111111111 1111 31113111115111.
1. 11111111. 1331b. 1111 „Qus 11111111111111 1111111111 (1111111111,
111111 1111111111 1111111111 11. 11. 1111 111 11111111 1111 8111111111. 31111
111111111111111111111 1111111111 11111111 1111. ὓ11111311. &le 11.
1111111111 11 [11111111111111’1111111111 1111111
1111111111 ,1111 1. 1111111111111111111111 1. 1. 1111111111 1. 1. m!

4 11111111-111111. 11 111111. 11111. 1311111111 11111111 „Q 11111111

1. 1111111111 11111111 11114, 11111111 1111111111 11 J. 1. S. Β,
18

 

