m

81767661, 111711 6. 111. m. 1171711768 111 161 chron. 8111711917. 177176
117118 667 1. chron. Erphordionse 76117161 6. 11161611 1611 1. 1171117771
161171611111771161. 711 17171111 11177716. 1111. 7177 6881817111.
1191161. 6. 6. D. 111. p. 201-344. - 1116761119 1161116 chronia-Thu-
71111167,61191991767119617187167119696(1161,-1140. (37917611,
1617777117 7167 01776. 171. 8111716176 161 augent. 6. 171176 81171176, 171711
6661 6711 717176 8161711176 1117187111. 7. (1711171. 7111171. 1847, 1080,
1664, 1696, 1697, 1699, 1797, 17961749, 1761, 1767, 1767,1766,1764,
mwwwwmmmmwmffiw‘
1769, 1797, 1796, 1791, 1766, 1796, 1797, 1799, 1799,1967,1969,1996,
1810, 1819, 1818, 1891. 1111. 1161161. 1779161. 1. 911. 11. Nr. 24. 7. 7176
Q 890.) 16119661. 11. p. 1633-1824. — ⁴) 'Hart 117717167616191971
(11467)11611.Ε71671911967 (1761111). 1440-1467. (bie 9161711176 111. “
8716711161 6711 667111711177, 617 16 1166111171111. (1711671. 91776.
1111. 1. 1188, 1191, 1194, 1191, 1191, 1198, 1909,1908,1909,1910, 1911,
1714, 1716, 1719, 1717, 1719, 1771, 1777,1771,1776,1776,1797,1999,
1184, 1881, 1936. 917111. 71771 Q 339.) 1. 1161161. ΙΙΙ. p. 1185-1988.
-1)Ἐ7ρ1167(11711119 Antiquitatum 117111611,91711111161116116116617
eiusd. civitatis sumens exordium. 488-1111 incl. [37767 7177 7111767167
(81776, 6177 6111 1671171761777781111111711 671 11716716. 17767 1117711774
18117 16171111 666 177 77711171761176 871 (711. 1. 438, 4767110811080,
16761669, 1169, 1117, 1179, 1176, 1141, 1144, 1147,1161,1164,1167,
nmwwwmmmmmmmffl,
1994, 1997, 1998, 1990, 1991, 1939, 1994, 1998, 1999, 1944,1918,1949,
¹ 17671764, 1766, 1766, 1766, 17771776, 1779, 1796,1797,1799,1764,
17961791, 1797, 1799, 1969, 1664, 1669, 1617, 1916, 191619161674,
16761996, 1997, 1999, 1994, 1996, 1996, 1946, 1947, 1944, 1947, 1649,
19491666, 1961, 1667, 1969, 1964, 1977, 1997, 1997, 1477,1446,1477,
1494, 1491, 1497, 1499, 1669, 1616, 1611,1617,1616, 1614,1616,1616,
11117), 7161771767 6611 6711 717166 916171117611701711. 7. 9117161711 7.
1. 8661176176, 171717 6671 mit 7161177111. (876176 7. 1176671771 69116689
1716, 111. 9111711117 7. 91161171, 91177171. u. 8166611771, 171. 117 Qt.
16117,11161171., 91111166176,916117111671,9771166177,171717
6711 171. 1171671118 IV. 7. V. 1111. 1171717. 116 7. 6171771161 9171117611.
91616671171666176 1117617176, 9766776 11. 9176116117611117, (17117161,
91176161717711777616166176, 17117717 6. 16117 1816177,176111771176,91777,
11711, 17717 9161111711, 17717 871111671711,1661676711, tumetum)
6. 66617716778717171666176 6617117761. 96 176 67717776 371177 111 7171817711.
1161 11711 611711171111,661 66911171111176 17177 017 3.1609-111711161.
1771117 177617 1171711117 778 (866176 (b. 1. 10 Q) 111176 7. 16177 1717 um·
1111111117 9161711176 11177 117 97711617 171 (871671 77117761 117177 3711,
67617111111111. 117167617616 8711171 1108 6] 1610, 1171776. 1171711768

11116611 117 (81777. 6111 81711761 91117161. 81776. 711 11177716. 811
81111711 1111877611. p. 847-841. 7. 1117166111 9177717711. 888. Q 889.) -

1. 116161. IL 16487-660. -“) ’11661 8717116111 chronica Erto'

 

