’111

u. 1111111111 11 1116111111111111 31 5111111. 11111 1111 111 1111
11111111111. 1111111]

*1111111111 111 &tant 11111111 1801)-1559 (1111111111111 1111 111
ξς. 1581 1. 891. ι1111111. 11111. 1935 1111111.) 11 1. 11111111. 1111111111. gu
1311111 111. Β111111. Fol. 725. ,

[1)111111111.,111 1111111111111111111 11111111111111111 111 3 111ι

1111111111 11111111, 111 1. 1111. 1214 1111111111), 1111 1111
1111111111 111111 800 11111111 1111 111-1111111111 11Ε11111111 1111111111Ι
1111111 1. 890 111 11 11111 113.1559; 11111111. (84111. 11111. 11οῗ
111111111111111111111..1111111111111.
1111. 1111111111. 11111 . .130011116.”1111,1111111.8.111.
111 gu 1111111111 3111111111 14 ..11111111 11111111. 11111 111 11111 1111111.
11111111, 11111 1111 1 111 1. 1111 111111 1111,11111 watigny 1111111111
111111111111111111111.ίὶ 1111111111’1111111111111111
11111 (1111111111 111 11 11111 11111111 311111 1111111111111111. Bu 1111
311111 1559, 1111111111. 1. 1111. 1111111111, 1111111111. 11111. 1111 1311 Θ.
151111 2 11111ἱὲ1 fib. 1111111111 1111315871. 1589. -11111 11111ὲ11.
11111111,1111111111111111 111111111111111111111
1111 111111111111 (1111111111 111 111 11111111 11111111 11161111,
11111111 11 vetet.. 111111 111 11111111, 1111 1111111111, 111. 111
1111111111 1111111111, 11111 11111111, 111111111111, 1111111111.
11111111, 1111111111111111111111111111, 111111111111111111, 6111111111,
1111111, 11111111111111, 1111111111 111 1111111111, 1111 111111, (1111111 1.
1111111111, 111111111111111111 1111111111ῧ111111, 1111111 1111111111,
ub. 1111111111, 11111 1511111111,11111 11111111, 11111111, 11111111111
1111 1111111111, 1111 11111111 11.111.11.1,1111111111 11111 1111 11111 111111
1111 111ῧ1111 11 ,111111 111 11111111, 1111111 111 11 111111 11111 11111 1111
1111111111, 111 1111 61111111 11111111 (5.⁵ . 11 (11111111 1111111111
111 u. 11111111, 111111 11111 11 u. 1111111 11111 111111111111111111 1. ubet
(1111111111 111. (111111 61111111 11. 11. 11111 61111111. 111Θ111111.

111111 ,11111

ῡ111 1. 3. 15351, 1111111111, ζ1111111111, 61111111111111111111. 111
11111111 mit 1. 11111111 11111 1111. 1111 1111111111111111 111111 111111.
11111 111 (11111111 111 Ι1111111111 11 1111111111, 111 811111 111 1111111111 mit
11. 11. ς1111111111, 11, 1. 11111 111 (11. 1111111111 1111111.11111111111,11ι
1111 111. 1. 1111111 1111111111 1111111111 11111111. 1111111111· 1111111 (1111
1111111111. 11111111 1111111111, 111111 1111 1111111 1111111111111 11111111, 111
11111111111111 111 11. 1111111111 11 11111111 1111111111. &m 1. 11111

111111 11111 11111 111111111111, 111 111 31111111 1111111. 3111111111 1111
11111 111 111111. 11111 1111111111 1111111111]

11)θὲ111181 1ἓ1τ1ε1611211111ὲ111111ἑ1 ἔέὀθὶἑὲἑαιι 11ἱῒ2111ὖ11111ῒ.ἱὲ11 1. 5111111111..
.. 1. 11111. - 1111111111 11111111
11111111 111 1. ξς. 1695, 11111111111111. 11111, 1111111111 1. 11111111. 111
11111111111111 1. 11111111, 11111 1111. 11111111111111. 1111111111. (God. IX.
11 Stenzel's Notitia 111. 11. 1811 p. 8). 1111111. 111 111111. 1111 ,811
1111111111 111 111111111111111111111111111111. 111111 1111 11111 1111111111
(1111111 11. 11111 1111 1111111 11 611111111111111111111111 1111111111
1111111 1111111111 111111111 1111 111 111111 &abt 11111111 111 965.
“ 1111111 11111111 11111 111 1111111111131111 Θ111111111111111 1111111111 31111 511111
1599 1111 20 1111111111 1111111111 111111 1111 1111111 111111 1111111111 111111

 

