271

1111111, 1111 1111111 111111 11111111111111111111111111. 111 11111111111111111
11111111 1. 111. 111 1111111 (1111111111 ΙΙ. (ὢ. 1-16), 1. Θ. 16-28 11111
1111111. 111 11111111 111 1111111 111 11. 111111 11. mm Θ. 29 11 111111
1111111111. 1111111111111111111111, 11111 11111 111111111 1111111111) 111
1111111111111 Ill. 1. 1111111111111 11111. 1111111111, 1111111111. 1111111111,
111111111111 1. 1111111 111. 1111 Θ 114 1111111 111 1111111. 11111111.
1111110111, 1. Q 193 cm 111 11111111. 1. &mmmmm 311111 111111
11111111, 111111 111111111111111111111111111111111 1111111111 (1111111
111 11111111 muter mit 1. 1111111 1, 1111111111, 111111111111 11111111111111
111 11111111, &mmmmm 111), 11111111 111 111111111111111. 1. 11111111
111 11111111 111 1111. 1111111111 111. 1. 11111111 1110. mm 1511-51
1111111 111111111111111111111 1111111111 311111 1111111. §Dm 11111111 111111
111 111111 11111 111 1111111. 1111111111 1ῶ11111111111. -1111 11111
111 ὓ. 191 1111111111 111 1111111111 „Georgius Lehmusius scripsit 15151).
Θ. 1-171. 2. 6111111111 1111111, 111111 1111 11111111 11111111
1. 111 1111111111111111, 1111 111, 1111 11111111) 11111111 1111111111,
1. 1103-1546; 111 1111111 11 11111111111111111111111111111111111111311111
1111 1111111 111 1111111111 111 (11111. 6111111111, 111111 1111111111.,111111
111 1111111111111 &tame u. 11111111 111 1111111111, 1111111111) 11111 11111
1111111111111111 111 1111111111 1. 11111111 111111 1111 11111 1111111111 111111
1111 111111 1111111 111 111111 111111111111111111111 111; 111 1111111111
1111, 11 111111 111 111111111111111 1111111111 111 (11111, 1111 {met 11111,
1111 11111 1111 ῶ1111, 1111 1111111111, 1111 1111111111 1111111111, 1. 111
1111111 111111111 11111111111111111, 111 1111111111 111111111611111 11111
11111111,11111111111 11 111 1111111111Ε111111 111111 (11111111. 111 11111
1111111111 1111111111 111 111111 11111111 11111111 11111111), 111 1111111111
1111, 111111. 11 1111111, 111111111111111111111111 111 6111111, 111
8111111111, 111 11111111) 11 111311111111111111111111, 11111111111111
111 11111111, 1111111, 11111111111111, 1111111, 1111111,11111111111111ς
11111111, 11111,1111111111111111111 111 ῡ111,1111111 1111111111111171111111,
11111111 u. 111. 11. [Die 1111111111111111111 111111 11111 11 11111111111111
111111 11111 11111 111111111111111 111 111111 u. 11111 111 mit 11111111
1111111 1111111. 111111 111 111 11111 61111111 111111111111111111111111
1111111111. 1111111 aud> 11111111 11111111111111111 1111111 1111111
1111111 11111111. ὕ. 111-381]

’1111ιά11, Theod.‚ 111111111111811111111, 1111111111 inde praesidiis ad·

ornata. Lignitii 11 Lips. 1722. 1111. 8111110·Β11111111111111111111.

1111111. Selom. Cap. 19. ξ. 7. p. 1066 11.
[1.Ρ111.11111111111110111(11160)(111111111111111811111111111111111·
11111111. 11111111. (111111 111 Praefatio Catechismi Val. Trotzendorfii. 1151.
1111111111· 1111111111. 11111. ⁵¹¹ 111111111111·
adiuuem, ‘carmin'o 11111111 11 1811111, nm ἓ111111111111111111111. (111111
1·’111.1111111111.1613.). 3. Ab ,111111111 11111111181111111. 0111110.
11111111. 1661.. 1. . 111111. 1111111 1111111111. P· 110) 1. Com. 8111.
8111111111111111 Lemmata 1111111111 ad S1les1am pomnentia. (wa

1111. 111111]

 

