555

5555515515. 16.

555555515. Q. Nicohus 5. 155.
1515555155 193.

55555151 10.

Karalus lv. imper. 59. 60.
1151555555. Q 55155155.
Κ5115555155 94 [g.

Kegel 395.

5555555, Sor. 555115555115. 353 fg. 1151555 554.
555551555555.1515517111159177. 51551551 (55515 5. 66.) 461.
55551 (1151155515. 5. 155. 1555115155.) 5555555555, 555. 560 fg.

1511. 15. (65555151. 5. 55555115.
1. 1155555115.) 15. (do antiquit. 51

- 11515. (55551515) 551 [g. 666.
(9155555555.) 461. 566 fg.

orig. familiar. 115555. 355551) 15. 11555555. 5. Landsbergk 133.
(5155551 5. 5. m. 15 1155151555) 15515555 33. 359. 456.

131 11. (11551. 5. 3.) 15.
55515555 179.
555555. Q 5555555.
555555 5. (iuben 315.

- (15 1555555 339. 409.

- 1555111151. Q magon.

1155555555551 (115515 551 11115115.
151151.) 459. (1115155. 1155551. td
temp. 15555551. 5555511151.) 501-
503. (Βο111115555155...555515 deser.)
510. (Furoris anabapt. 115555155...
5555155115 515155. narratio.) 510-
- 011515115511155555555. QLin· 513. 457. (5. 5. 61 5111151155) 497.

(15551511. (05151. Episcop. Padiborn.) 513 fg.

- 55115550551151971. 11155115151155 55551115. &amnt
- v. d. 1551115. Q 1155555511 460 fg.

- 1151555551559. 350. 5. 1115555553 64153.

5555551551 179. 1155555155 46.

5555551155 300. 319. 361. 145131. 1151555555. Q eholopoeus.
153. 5. 11155555 140.

555155 71. 366. 330. 1111151155 111.

1515555155 305.

555155. Q 55551..

155555551555 417.

141515555855, (1555490-496.
51115151. 466.
1115511555,1115.5.191-137. (ῧ1515515

un. 5115555151. 515.) 103-

⁸· 555. 551. 155155.
145155 15. 5111511555 151555. 5. 1951555555.
1151115551 5511561551515719. 159. - 6155115515 51555. 51. 5.

163. 304 313. 151515. 1155555515. - 1115. 5
Kalen 140. 14155515. 1555555. (15555. 5.1. Do·
kalendaria. Q 11555515ςί5. 55555515. - 5111555115, chronio.
Kammormeister 331. 414. 413. 457. Ρ5555555155 515. 5115551555515.
1155551155 v. 95551553 31. 67. 565. - 111551. 1115515155 10555 Domum·
1555555 155-155. (01555. 511. {11 15555 5. f. 5. 55511.

51555555111151. 611.) 173-130. 37. 11515155461.

151. 161. (151555. 511. 15 15511 111555511555155155551131.

5551111. Qut.) 130 fg. 61115155. 1555155555 517.

8181511) 181, - vomerum, &vos Klbeknor 52⁷ fss· 389. 461.

55555515-11551555 151555. 5. 1 Kloith 431.

3555555555. 111555 130.

 

