0110

1111111011 0011111111 001111 1111111111 1101111011, 1111111111

11 1111111111, 111111 11011111111111111111111.
1111111’.1111111111111111111111111111111111ἶῖ
11111110111111101111 10. 011 1111016111111111101111011· 011111101611011011
11111 1111111.. 1111111111 011 1111131011 11111 0111 Q& 1. 0. Redi
111110110111111011111111011 1. 1111111111, 01 111 1 1011111811
0111111011 11111111 010011111111 011 1111101111 111011 011111οω

0111 111 111111 11111 11101111 61111111 111· 1 1111 11111111 1111011111,11ι

1111 11111 11101 111 11111111. 111011 01111110110111011011111111111111111
011 fib. 0111111111, 111 0111 011 11111 011 11111110 0111111111 u. 011111
01111101111111111111111111111111111 1101. 1011111111 11. 1111111111111111 111101
11111111111111111111013 11111111111111 ..111211
110 0111111 1111011011111 61111111, 1111111 1111101110 1110111111, 111 111·
1111011101111111111 111101 0111181110110111111 111 1111111111 011
1101111111 1111011011 11110. 011 11111 11111111 1111 toga 10111011 &bx
1110111111 111110 mit 0111 01111111 101111111111111 si. 101110 1111.
11111151111111111 11111131111111111111ἒῶ
0111111101 111, 011 11111111 011 00111. [111 3 11111131 1111110111 011
1111 1111111111111111
84111. 111111, 11101111110 0111111 1011111111 11111 Otto 11111111,
11111111. 1111110111, Lamb. Schasnab.,S1ge 111. (11111111., Η11111.
11131111111111Ὗ·11111111111011111111·103111ἒὲ12
Civis Tremoniensis Anno salutis 1131.1011111111 1111101111-
111111181ἳέ θ1111111111· 01111θῖ111·111111*11.11.“1ῗὲ1111
11011111 111111 1110111111 111101011111011111 111 0111 111101111111110111011·
11111. 1433111. 168 adm, 11435111. 17011111, 1. 1436 m 111111.
1450 1111. 198), 111 Ao. 1410 usque ad 11111111 1466. NB. de 1111111110
1 m ,111111111111111111111
1111111111ἳ1 11111144. 11. 1111011110 111100. 1191. 11. (5. 13⁶1 11.
01111 1406. Qu 111 11111 §Du 11111111 011 0111111111 0111 1111111111. 1111
1111101 01111οε11 110 111011 11110 1111011011011111111110111110101111111
110. 1111,1181 113011. 1395. 00111111 1111 1111111 0111 101 110111
1001, 01 θ11111 11111001 0111111111 111101. 1111111111 «Iohannes 111111111ὂῶ1,
111. 11111111111111111111111111111111111
11111110, 1111111111 11. 111111.“ mura& 11111 11110 ,1111111111 1111111111.ι
- 01111 11 11111111111111 ς1111101111εο 11101110111111111111110.(10111. 010
1011111110. 011100011111 Sol). 1111101101, 011 3111111111 0. 1400-
1460 11111. 1111111110,111101111110 011110 011100111111111, 111111 11. 3110111
1111111111 1110. &e 111 um 11 1111011111, 11111. 0111 11111111, 1110 11 az
11011, 111111111111111 u. 1111111101 010 11110111, 1110 11 111011111101
11. 11011 111101 1111 0011111111ιο 1111111,1110111 1111011 01111110. 111111,
11 1111 1111111111101111 111 11111 10111 1111 011 11111111111101111111 111·
01111 011 111111110111111 11111011011111 011111111101111111111111111111 1111
1111111 mit 11111111 31111111111111 0111111 11111011 1110, 0111101110 mons
11111100 01111111 11. 11011 1010111111111, 011 1111 01101101 11101110 011
11111101111 111 aud) 1111 0111 01111110111110101111111111111110111111
1111111, 110. 1011 1111101011 110111111111 u. 11111111111011111111,1011

 

