111 1111111111 111 &15ss 11115 111. 1111 6. 154, 11111 11111111
11111111111111111111111111111 1111 6111111111 111 3. 1108 1111 1111111111
111111111111111 1111θ111 111 1111111111113. 1111111 1111111111
1111111111 1111111111 1111111111 1111. 11111 1111111111 11 111 11 1.
111111111111111111111111111111111111. 11111 [11111111 11 1.
11111111 11111 111 1111111111 11111111111,1111111 11 (11111111 .
111 111111 1111111111 111111111111ὓ11111113.1110. 111111 11111111
111) 111 11195 11 111111 1111111. 111 1. 1111111 11111111111,1111111111
11111 1111111, 111 Θ. 195-131 111 1111111111111 3. 111111 111 vome:
11111 111 gum ῶ1111 11111111 11, 11111 111 111111111111111 1111
11111 11111111 1. 11111111 111 ξς. 1531. 1111ῦ1111 111111111111 ,331
111111 1111111111111111111111111111111111111 ,1111 1111111
111111 1111111111 1111111 1. 111111 Phili s 1111 1111111 111 111
1111111 ιι. 1111111111,1111111111,111 111 1111111111. 111111 11 1111
1111111111, 111 111111111111111111. &teta 1111111111. 111111. 11111.
Finis-Liebrie·'l'ertij.“ ²- 311 Q 143 11111111. 11111111 1111 111 1111111111
311111, 111111111111111111, 1111111111. 111111111111111 ,1111111
Fragm: 1111111111 11111. 111 Thomas Kanzov: Chronic. 1111111111.
'ffinget 11 1111111011. p. 183 11 ιι. 1111111 1111 114611 316135 111
111111 111 1111111111 111 111111111311111,1111 111111111111,111111
1111111, 11111111111111111 ,11111 11 lin. 1. 111 11111 post. 11111
111111111111111111 111’,.,1111111ῗέ1111111111ῗέ
1111111 ad L1b: 1. Thom: Kanzov: chron: 1111. su ra ad pa .14³.“
[Subaltz ,11111 111111 u. 111111111111 111 1111111111, 11 1111 111
11111111111111111.” (1111ῧ.) 11111111611111111111111111 „Qum
alten 1111111111111” 1 111111 111 1111 1131111111, 11 1111111111 11111
111 1111111111111 111 1111111111 1111 1111 11 11111111 ιι. .11.”; 1111 11111
1111111111111111111111111111· 1111111.ῑὲ
6135-199 ab 1111111 111; 1 Ι1. 11111111 Q 135. 11111111. 11111118 1 .
111111 fid> 11111111111111111 ,1111111111 1111 1111111111 oben 111.
1111111 Θ. 141 1111111111 1111 ub. 11111111, 111 111 11111,

[1111113111111 1111111 111111 111. 111 1111111111111111111111111 11111
111111, 111. 111 611111 111· 11111 1111111111 1. 6111111111, 111111 11111 111
1111111 1111111111 1111111111 -111 111111111111111111111111 1. 11111
111111111111111111 111111111111111-111111111 (1111111111 111 . 111
11111 1. 1111. 11 111 111 (1111111111 111111111111ῦ1111110 .295,
1111 3111111 ιι. 1111111111 111 1111111111 1111 mit 111111111111

11111111111111 11111. 1. . 111 51111111 (1 1. ὢ. 113111 1. 11111) .

11111111111111111 11114441 (111111. 1. ,1. 11111 1. (ar. 11 111 111
1111111111 ΙΙ.; 111. 49-51: 1111111111. 1. 11111; 111111 111111111111111
1161111111. 1111111111· 1111111111111111111111111393· 111. 55-56ι
1111111111 111 111111111111111111111111111 1. 11 111 11111111 11111
1111111111- 1111111 11 1066). 6143-1551 (1111111111 111111111111066ς
(11111 1111111111 1111.1.1111111111111; 1111111111 1. 1111111111. 1111111
1111 1111111 111111 11111111 111 1111111111111 11111111 (1111111111
111111111111111 1111111111 1. 111111, &mantebor 1111111 11 1111111111 111111
1108. 111111111114). (ᾗ114-111ε1111111111111111111111111 e:
1111111 111 1111111111 11111 111 1111311111, 11141. 19, 1111111 111
1111 3111111 11 111111111111 1111111111 1, 15. 36-119; 11111 111
1111111 111111. 111 1111111, 1111 3111111 1111 111114 111 11111111
11111111 1111111111, 111111111111111111111 111. 111 111111111111111111

111 1111111111 mit 1111111111 111 111 11111111 (11111111 111 1111111,
111 1111111111 111 11111111111111 11111111 1. 111 11111111 11111111
gum 1111111111, 11111 1111111111. 11111111 1. Θ11111111111, 111111 ubet

 

