-κ
-ῌ--. ,,

1111111111 8111111111111 1111 1421. ffi 1433. 1111111111 m·
1111113111111111111111111.1111011111ἐᾶἓῆὶὲ
11111ὴὲ 111 11111ςξ w ἑ11111111111111δ1ἓὲ1111, 1111 111111 111111,
11.1111111111111111 1. 11111111111111
1111111111, 111. 1111111111111.111111111 111. 11 6111111111
1111, 1111111111, 1111111,11111111. 1111111111 11111111 111
matth. Donngii continuabo 1111111111-111 811111. Gom 1111.
1111. 6. 1111 θ. 331. 1. 1111111111 11111111. 111. 731. ὦ. 212.)
Θ311-361367-374, euri-use (1111111111 111 11111 1111111111
11111, 1111 11471111111111111111111111111111111111 u. 111 11111
111111111111111611111111191111111 1,(111111111111111111 1111
111111111111 11111111111111111. 11111111 11111111 1111111, 111
1111101111 31113111111111111111111111111111 11 111. 1111111
1111111111111111111111111 11. &we—409· 111 1111111111

111111111111111-111111 1111111111 111111 111111111ὲ1111

1111111111111111111 111· 1111111111 1111111 11111 1111
111 111111 11 ,111111113111111111 1111 gamm ‘W 111111
11111111111111111111111. 1111
31111111 “sz 3011. fl. 1111111. 111. 24. gn 11111181 1. 1. DQN. 712.
1111111311 11111]111111111111111.1111111111
1111111111 111 1111 1111 111111111111 1111, 1 9111111111 (111
&tm ιὲ 1416511117ιὶ 111 1111111111 111 311. 11111 111 11111111.

⁸¹) 61111111, 1111. 1. (11. 111. 11111111, 1111111111. ιι. 11111111 1111111111 111
11111111 1111 ῦ1111Ε111111. 121111. 11111111. 1730111. 1111. 1111111
111, 111111. 11161111. (111111. 11. 1. 6. 66-63.

111111111111111111ῶ1111111111.ξς. 1151111111 1111111111
11 1111111111, 111 1111111111 (1111111. am liss. 11111. 11197. 1111. 111
111111 11111 1111111111 11111111111 111 111 1111111Θ1111111.,11111111ι
111 1111111111 111111111111 1 311111. 111 1111111111. 1. 1111111 111111
11111116. 174. 11.1113111111111111111111111111111111.ἓ111
111111111. Q 11111111111111.1111111111.11ῗ1.216-217. 111111 111
11111111 11111111116111111, 1111 11111111 1111 11111111 111 1111111111
111111111111 11111111111111111111 11111 111111 111 11. 6111. 1303
1111 11111 1111 1111111111 1111111. (11111 11 ἲς. SD. &thiefetbeder'd

11111111111111 Bion ὢ. 51).) (ὅ. 617. 11. V: 1111 111111 111 1111
1111111111111111111111111111·111111111111111131111ὣ11,
111 2 11. 111 4. (1.1. 1111 1111111111 111 1111 1. b: 11111 11111111
1. 1111111111 1167 1111111111 1111111111ιῡ1111 1111111111 61111111,
1. 111 1111111111 1111111111 1. 1130) ὦ. 29 111· 5.th 11111
1119111111) 11111ἀὲ 1111Ῐ 111 1111111111 u. 1111111111 1111111111 &t 111111
11 111 111 . 11.

31111111111, 111. 1111, 1111111111 111 11111111 11111 11111 1. 1111111111 61111
1111111 11111. 61111. 1111111. 1154-61. 1111.111111111,111111.1.
ῧ1111. 111111. 111. 111-11.

[1111111 1111111111111111111111111111 111 &abt 111111161111
1111111 1111111111 1111111111 1. (11111111111,111 111. 1111111111
1111111111. (11111111 1. 1111111611 1. ὅ. 202-205. - 1111
11131411) 11111111111111111111111 1111 1111111 1111111111. 6. 286

 

