557

(8551511. III.) p. 133-571. 1155551515 5. 3. fit. 11511555. munh. 1195
(mit 515155 15155 11555511.) 5. 5. 115111. 1555551515 5555511 55155
55555, 11115515 5111515551. 1155551. 11111 5115515551 5. 3. we. 155·
5555551. 11551. 1845. 1111. 11. 5551555511555 (55115155. 5551515155.
555 5. Necrolog. S. Michaelis Luneburg. 15 b. 11115555 5155551151. 1801.
Ωιι. Q 1555 {gg 11551555 5. 5. ἰ). Νι. 153. (5.54-57. 1555511555
115155 1. 51511551551515511555. 5. 5551151. 11111151511555 115. ΙΙΙ. (1151511011.
Q ιιι-555 fib. 5. 555 55511.) ι. 1551. (Noto xxss. Q 555-555.
Witickind 5. 11111555). 1555555555 1155155515. 5. Q. 5. 5555 Q 55
55511 555 55151511 5515155555 Θι5511155 5. Q 346.

5555 1555555 55551155· ιιι 55·
55155155 Ι. u..¹ ὓ115 1., ’5. 11555 1115111511115551 1111511152ξ5011115ζ
1515 oud) 155155, 511 1511 5555115555 1115551551 5513555115 55 55
11555155 5. 5151155 555.5151111(51515.; 15 5555 555515551555 155855 3. dn
111111111111111151111111151151115151111111111111
5. 5510155115551551155511415 55155555, 515 1115151. 555 511155 16 &cffiess
11111 11ἔὲ 11151511111ιὲ1111111511111151111511111.ιὶῗὲ
111511“.111111111115..11111.111111·.1ι1’1151115111115
1555511155155555 5551ῶ1111555 55 515 1018, 555115 ,555 6111·
155ιῖ 555 (1555155555 ᾞῖιζ55555 5. 1515551551115555155ὲ. 515 1015,
15555 515155555555155 55. 15555. 151115555111511555. 1151515555
151. 11555. Qadmn. 5155511555 111 515 (55555. 55 515111 511 1551111155·

0

gen 555 15555555, 15515ιί55515 (aud) 551 ἳιιςιξιέ, ὓ115555555155 ιι.

555511155511515555155 55; 5155 5. 55 1555555 55 15555155, 11555155,

15115 11115155, 155555 55555555, 5555555 5. 511 55151551; 515 Sa 55
151555 1555555 555 151155 55155555. 1515115555 1115555 55155155

815th 15ἲ5551555 &ingelnheim ubet 515 Qitten 5. 1115551555, 15555
555155 55 5. 555555, 5551551555 5555 5511515555 5515555555 Ruga]

¹) Chronic. Episc. 555155. 1155555555. -1137, cum contin. 111-1514. 15
1155151155. 115. xil. p. 163—212. 1111 5555 Q ³49 fg.

¹) 1,,55511 18551511 555 51155 11551515 1115555555.1 555 1555. 1111. 551155
555 1115155555 15 8556113555 05555. minor. 551. Grundig. Lips. 1167.
Nr. 19. Q 436-418). 55555155 555 antiquitates 555 51155 1151155555
6111115, 555 1111511555 11551, (5515515 555 61551 1115555551, 55 555
Quini> 15 Dbetn Qnmnem 511 5151 511551555511555 15115555511155155
555 55151515551515515555. 65551 515555 555551115551151551515, 51155
1111555115 555 1155515ι111551555,151115555551 1-1515). 35 11555Β11555
511 51511151551555115511115555, 5551111555, 555 1555511555 51155 mam
55115551. 11551115. 1555. 4. (55551555.) 15151. 1557. (106 115 515 51557.)
851. - Qum iu: ,(15. Hahnii historia Martisburgica, 55515555 chronica
Ditmari 15 8 5155555 5515515555, 1551511555 1155155555. 5115551155 ιι. anti·
quitates 555 51155115515111555 611115, 555 5155115555 Qum, 6515515 5.
61551515155551 15 5551111ιῴ555, 155115 5555551151, 155115 5555511551

..----.

·) 9155 55551 ιι, 155551155 (115155 11531. 6. 31151 151115. 555 1511151155 tu·
110¹, 5555 51511551 555 151555515551155115515551 55155511, 55555115 551151551155555155Ὕ

 

