380

155 55 5111551511. 5111111515511115111 111, 1151111, 5515551555 5111
555 3111515115 5151 1111,1151 15151511 55115115, 511 91515111 95
1511511 1115115115. 1111555111 5511551115 1155 51111111 11 55. 551 115191
91511555 ,5. 51115519 15115 5. 5159515519 11511 115151 515159 5118519·
9151155 ιι5. 1111611111 1111111 1115 51551 1151915 5115199151155111 5.
511 5115515 1359 1151 ,55111 . 9115111511115555151915; 55. 511
ὓ11ηἰ1ί11ἓ1ἲ1ιίιιῃ1151111111εέ1ἓιε5ῦ1ῒιί1ῐιῆιῃ51ῗ5511 115 515 1551111559 5 515 851151
1. ; .· . ι
1111111111·1151151111·1111111111 1115
515511111151551 5. 111115 15 59515. 1155· 55. 5111611111 1511511 511
6155115. 5155555915 1193; 55. 5151115111 55111 5. 1119115511
1359· 55. 5115115 115 11159515. 1401 511. - 1111155155. 1515 1115
ἒ55511ΐ]55151111111151 3591 55. 551 1115115, 111515 5. 1111515 511
5191 .

1)·051551555 11191555191511 1-1516, 51511 1151111551151 551 5315931,
5555155, 115 1151111 1151155555 1111 111111. 1111, 11511 1511151555511.
1111911111), 5511 511151151515 5115511 9115111515, 115. 5515151151. 111 551
5.,1155191. 51511515. 9. 1111115. 1191. 13111151, 51151515191111511515.
9. 1111115. Q 151.

[115515151511111 1. 11511151 Q 1) 51115115111511111 ,1111511515ωηί
Au 5111151155 chronicon 911155 ensef‘, 51511511515591 ,5511
111111111151151111111111 ..11111 51511111111111151
1 t ι
11111115111111611111131511111111111115111.61111
5115.111511151111; ,1155 5115 111111 551559 511111 51511115 5155191,
¹ 5. 5151 11515581 ,1151 111511 915511, 111515 555 5115191355111115115
11111111’51115111111311151111111115111111.Ἥῖῗ
-941, 511 9. 11551111 (5195111ζῖ 111511515111555115. 1515 1155511
555 51511111 15115, 555 51111151 11 9.π 1515 1191111 55515, 551551 1551·
5115111. 949-411 1 1111551511111115 1 915. 515 5551155115 5. 115515
5115515115 5. 1159515519, 55155111 555 555151 511151. 5355511565
9115555 ιι. 15555115, 5. 5151 1115151 511 1551 5159515, 915. 5115 115151
5. 515 55515111111111515555915 511 11151511 5. 5911 5. lma—156&
5111551111411511. 5111411 (551 1 Q.) 555 1111 115511 1 115.
11159515. 551 5. ξζ. 1593. 11115555 15191 5. 51111111.- 0 115
1111955111 511 &manteiga 1111155515. 51191-1601. 351191 1515151

(11115151 1358 5. 511 5115515 55 515

555 115 551115111511 515 5511 1551511 1111911111 111. 111 115151. 1111

1151555519115115 51111 51 11151115, 151151 515 Su 5115591515. 1111

51511111 115. 5. 3. 1599 5. 5111515159 5. 1159515519. 3111955555 1155

555 5551111 555 9115111515 ,511 51 151559151551115155115. 511 urs
155515, 511 151111 115. 511 1151911551 1151600-1651 5111515111 15111
511 1151 5551115555151111. 551 551 151 51595 1111911 1111911111 155115
111 1511511 555 5551111 5555 11515511, 511 51111551111551-
1511115159515519. (15155. 11151115 555515115551 111155
51511511111, 5111111555515115111151111555 5115115111
51511515 1115951551 . 6515515155155 5111 19151151 1511
1111115111 11111111151115111113ἑῖ 11111111111111111

115 5111. (Eo. 511 55551111

55151511115115 5 11111 155151111511151 55. 5119511
1611115. 5555111113 a} 1 111

1. 111 1. 55151151 51511 5. 3 55111115 31

155. 115115), 1. 115 115111 111 1. 1515

 

