W

mim} Ι6881188, 888 8888888ἓ1181 88811181, 91118118 8118818888 8188·
81881118(1181111811, 81111181· 8· 1811. 1, 181118 fg?
8η884888888468818ωω1888,
1111818111881811811818111..11111111811111151811ῑ
811. 1. 81118118111.11 18 118818111181118181
(118. l. Q 23), 118181 888 1188181888 8118818. 88181). 13118 (118. 1.
6. 42-45), 88181 1188818888 88 11188881 8. Qut (118. 1. 6. 56),
8818188888188888 (118. 3. 6. 88); 188888181188188 8811881188 (118. 2.
Q. 32. 46. 80. 110 [g. ffid). 3. 6. 125.129. 191 fg. ffld). 4. Q. 21 18.
88888888888888ω888888
88818 8. 3818811188 888 1118888 W 1. Q. 30. 218. 2. 6. 34. 35.
42 fg. 108. 188. 4. 6164183, 1811888 Ε(118. 2. 6119), 888 2112
11111188111188 818118 11111118. 81113181118191
Q 81), 888 818881888188 (118. 2. 6146. Q. 4. 6188), 888 811188· ι
188 (118. 4. 6. 216), 188888 88818 8118 181818. 8818 (88.1. 6. 24. 29,
3ο. 73. 118. 2. 6. 31. 41), 6181188 888 1181888888 (118. 2. 6. 478. 8.),
,818 111118 8881818881) 888 888 111188 8118188881 888 81811888 6111888818
1118818811118. 1. 6. 24 (8.), 6181188 888 ,888 1111881 (ἒξ. Ξ.
Q. 1218)),318830818581 111188 1118181881α188ι8ἓῗ116ψ681, ἵ88ω811ῐ118188818.
8888888888 888 818888 ’1188181188 888 1). ὓ118(1181).1.6.1111.,
8188818 (11 ,1. 6. 76), 6888 (8888888188. (118. 1. 6168,

8. Chronie. 1118 ergens. (88.1. Q. 61), Krantz (118. 1. Q 102),
888 8. 1188811181). 188818. (11 . 2. 6. 25), 8. 81188 chron. 0188888.
11181881 811118 (81181811118111811181. 18 11
Q 16), 888 8. §anget Dtto 8. 11188818 (188. 1. Q 36), 888881 8’8

8818888888 881888 . 13118 (118. 1. Q 85—8933‘ 888 8. 8118818818τὼ
888 8. 8181888888. »88188188 fib. 8116118 ( 8. 1. 6. 90-96), 888
1188888188 (113. 2. 6. 68)ΕΞ 888 88188. 8188888181888 (11588)
111811181318111), 111· ..1111111111 1161118811
8118888188 (818. 4. 6168), 888 3ἒ8188181888 1888181 881181) 1ι
1188 11. 8. 3. 1618Ι (188. 4. 6. 217 18), 888 111. 6818888888 Ι18188818.
13.8111111118,(1111118811111118118111118
’111 ’181 1111811811881111811 181111 11111 111111
8111881118, eputamus, 11888. 8111888888 (1888818818, 811888
111881811888 (1 1618188181881188. 181) 18888118818888888811.
8188 18118888 (8818888888) 181 Gr. 118ἑῆ 888811, 18818888 Gr. (81811

1818 818 8888888 381188 818888888181888 8811. 88888881 8888888111]

—-

⁸⁸) 8188881888. 88888881 81888 menologium 888 81118811881888111811888
1188888888 (Novum Campum) 18 1188888888. 111118888111888 St. 8. 81188
8888. - 11. 8. 88888888 11118888. 118818 188 818 (1181818181. 888 118881.
888886848

(11818818 1181) 888888 8188 menologium 188 14. 38181888. 8881818 818

11188118 6881111118 8888181888 888 8888 11818818 888 16. 38181888.) 1

 

