199

1511111111111. 111 11. 1111111. x. 1. 11111111 1111111111-
3111111111. 1111111111 11 111 1111111111 1111111
111111 111 811111 111111 1387 111. 207-2081.; 11 6111111111 1337
11120911· 11111. 1333 111 &teuent 111111 1123511231 111. 1111
smum 1111111 1. bem 1111 11. 111-111 11. 1 1.· 1 11111
1111111432 111. 233-133 u. 1. · fib. 1111111111 11 111ῧ111111ς 111.
61111111, 11111 1111111111 11 111111 1111111 11111 111111 111. 214·
1111 1111. (1111111111111. 1111111111. 1116111111 111 11111111 1
111111111111131311111111 1111111 1111111
1111111111111 111111111 1111 1. 11. 111111. 1111 111. 213. 2141 111
111111 1432 111. 233; 3111. 11111 111. 271· 11111111 111. 233· 111111
1111111111 111. 331 1. 1.). 111111 111 1111 1111111 111 11111111111611
11, 1111111111 1. 1111111111 11 11111111 1111111. 1. 1. 111111 &tute

11111 11 11111 11111. (11111111 ,1111 11 111. 1; 111111ῢ11111111
11111111 (111111 11111.; 111 111111 11111 1111111111 111111111111111
111. 2. 11. 1431.; 1. 111 1111111111 11111 11111 3111111111 1. 1111111111
1111 11111111 111 111111 111 3. 1325 1111. 2. 111. 118; 111 1111 11111111
ἓ11ἐ101121111111111. 2. 111ἰ133ἐζ 1111 ἑῖ11111ἐ111111 1131111111
111 611111111111101111111111118111. 11132201 111 1111111101 1111010111ἰὲ1
1111111111 111. 220. 2211 1111 1111111111111111 111111 11111 1111111111
111111 111. 221; 111 111111 1111 1. &rathum 1410 111. 223; 111 111 &trare
111 81111111111111 6111111111 181231 1111111111, 111 1111111
111111 111251 111 &fir 11 1111111 1. 1111 1111111 1111111 111. 321· 1111
1111111 1111111 111. 821 . 322; 1. 1111111111 11111111 111. 322; 11111.
1111 11111111 11. 3271.; 111 1. 1111111111111 11 6111111 281. 3331. 337;
111 111131111111111 1. 11111111 1. 1. 111. 1525 111 3. 11111 111. 352
11 11 111 ..11111111111.1111
111131111111111111 1111 1111111111191111111 611111 Ι1111133Ρη1111
11111 111 1111111111 11111111 11. 215. 1181. 111111 1111111 11 u.
1111111 1111 111111 11. 111111111111111 111 16111111, 11111 11111,
111111 611111 1111111111 1111111 11111, (1111111111 1111111111111

1304 m. 2. 111. 17111, 11111111111111111111, 111 u. ungemfibw

ἱ1ἒ111ξ1111111111ἑίι 11111111111ὲ111,ἰ 1. 1111611111 mmm gffuan‘f
11111115ῧε1111111111111, 111 ῗῖῘι 13111911111111111111
11111 1111 111. 1111111111 11111111111111111, 111 111 11 111 1111111111
111 111 1111111111111111, 1111111111111111111111111 11 1 1. 1111131
111111111111111. 111111 1132 111.58; 1111111111 111. 1111111. 111
11111 11111111 111 11111111 1511111111 111 11111111 1. 1111111
u. (11111111111111111111314111741-1181 111111111111111111111111
1111 81111111 1. 1410 1112211 1.11111111116111111 1423 1111. 283.
11111111111111111111111111
11111111 1481111171-275· 1. 1111111111 1. 1111111111 111. 273. 277;ο
1. 1111111111 1. 11111 1476111. 215-237 1. 1. ,¹ 111 111 111 111 1111111111
11 111 &tfibttn (11111. 11111111 1111 1111 1111 11111111111111.111ι
11111; 111. 1. 111111. 11 6111111111 111 1111111111 &tenet 111111 13331
111111 111 13111111 1453 u: 111 1311111 11111 1. 111 1111111111. 111.
1111111,1111111111111111111111111111011 111111
11111111 111 1111111111, 111111 11111111111111, 111 11111111 111
11111111 111 (1111111111111 11 1111111111, 11111 1111111111 111), 1111.

ff

 

