84

(1111111111 11111 11111111 111111111111111. Β111 111111. A. Dum.
11911 111. (119111 11. 161 Q, 1111111111111111.) 111111 111111. 111111
111 1. 1111111191 1 1111111111 111 111111311111111114. auf 111
11111111111111111111111111111) 11111, 111111 11111, mie 1111, 1111 1111
- 51319 1111111, 1111111 bet thssbctung 1111111 111 1111111111111.
11111 bet 1111111111 1113111111 nod) 11111 1111111111 1111111 (11113 Q)
1111111111 11111 11111111 ,1111 1111 1111111111 1. 1111111111 111 11111111
1111111111 1 11111111. 1111111111 bet 1111111111 11 11111111111111111
111 11111111117ῦ11111111 1. 1111111111 11 gemina 1. 1111111111111
1111111111111111 11111111 1111111.1 111 11111111 11111 (11111111 111
111111 11111111. 1111 11111 &tantuna 11111 1111111111 1. 111 1113111111.
-11111111, 1111. ,111111111οηί111 Anno 1596! 78 111811. 111111 111
1131111914 11111111. Nr. 16. (1. 1111111 gu: „Excezpta 11111111
ex 11111111111111111111 18111111111111.); „Petri 1111111111 (1111111111

1111111111.“ 1111111114 11111111 3. 4„ 311. 1191.

[311111 (1111111111. 2³. 1. 11111. 1131111111. 1111111111 Q 22—27:
11111 gnte Qssssbetun 111 3111111111 1111111111111111. 11111 3111111
1. 1118111111ἓ11 111111. 617 f? ubet 1111111111 1. 11111111
ssffbss'ggxmbbeh ἣίῗὲῦῖξαι111ῦ1ἱὲ1ῠη 1111 ῗὲζῶῗ :ggdffdgt'itlblss flu?
Q 77-93: 1111111111 1111111. 1111111111 11111111 1111111111 Q 11111111
1111 11111111, auf 1111111111 11111 6111111). Q. 93-102: So 1111111.

&barin 1111111111111111 11111111111111111111 111 11111111 1111111 111

1111111 1. 1111111, ungam 1. 111111 11 11111111). 15.1ο3-117;
3111111111. (1111111111 111 31111). Q138-208: 3111111111. 111.
1111111111. Q208-:2801 311111 &mg (fib. 3111 1111111. 1111.
1111111111. 1111111111. 1111111111. 1. 1111111111 Q 217--131,1 146-249. .
Q 280—296: 31111111 11111111. - Η. 11111111 11111 1111111111111111
11 111111111131111 11111111, 11111 11 1111111111 11111111111111111
111 111, 1. fut 111 1111111111 in 111 ege( 111111 1111111 111111, 11111
1111111111111111, 1111 111 1111111111 11111111. ῧ1111111111111111 bes
11111 suh 1111111111 111 11111111111111111111 1118111111 1. 11111
1111111, 111111111111111111111. 11111111111111 1111111111 u. 111111
1111111 1111111111 1111111 [ung 111 1111111 1. 1111 11111111 11 an·
11111 111111. ,11111111 111 11111111 11111111 8111111 11111 1111111111.
1111 11111111 1111111111. 1111111111111111, 11111111 1. 111111 munz
11111111111111111 111ἲῖ 1111111111111111ἒᾶἓὲ
u. Qeutbeu, 1111 1111111, 111 ΙΙ. 11111111111111 1111111111, 1111111111
1. 111. m. 1111 1111111111111111111 11 11111111111111,11111111
1111111111, 11111 3111 1. 11111111 11111111111111 11111111111111111111
{mn untQfiuBe'tflst 1111ίὲ ,11Ι1Ι Em 611111 umbmie 3113111111 11. u.
ηίζςβᾶηηηῖπῶῗῑὲλὲἳη111ϊ11.η111111ῑ111ἕ1είξῦ1ξ10 [1111111 ἓξὲξᾘξιζιξὲῗιῖ Ῑξὶῗῗῖιῖἷ
ἒ1ω11111111111 ι1111811111111. 1111111g efflgessffistg 1111α1111311,ῴ111111111ά)111
111 3111 31111111 ΙΙ. 131 111 111111, mo 11 1111111111111111 1.
1111111111 mit 1111111111 11111 111111. 11. 111111 1111 111 1111.
11111.111111811111111,1111111 111111,1111111,111111111
1111111111, 1111111111, 1111111111, 1111111111, 311111
1111111111 1111111111 in 1111111111 iu 1111111111) Chronicon Noo-
111111111,11111111111 111 1111111111111111111111. 1111

1111111111 1131111 1111 11111111. 11118111 1111 11 111 1111111111 1111
Ἰ 1111111· 11 111111111111.-1111 1111111 1111111111 11111111

 

