999

’191119191111 91119919, 1191991 19 911919 991931199919119. 1911.
11911 919111 9199111919. 91119. 1911911111 9999119119 111 01111. 59111·

11191199, 1911 18. ⁸⁸) 99991199 1911999 119 911191919191119191919199.
311991 9. 9999991111, 9919911 81191. 1. 99991911, p 199 9911119111
911111 91111919991911911919, 1911111119 9111191119 81111. 11991111,
p. 191. 13011 ⁷¹) suffredi 99111 911911 9111191111. 9119911. (19999919 (99.
19111111 91119. 9. 9119111111) p. 199-191 99111111. 91911 ⁷¹) wilhelm.
11191 (1111119191.1111111991. (99. 11911991 9119911 9. 91991111 11919
111111 991 9919111111 1499. 6. 19991 11. 11. 91119. 1919911199 199111
¹⁹) 311999 9111191119 9. 111911 9111191111 9111911 9. 999-1919199.
9. 9191111. 911191, 99. 9111191111 u. 1199119119) 9.99119.,919111919.
histor. 9119119111991911. 1949-1199. 1911 1919 19119. &.1ss 11. ι
99111 9. 919191119191 911 9199111199. 99111.
’9 1911919999,111191,θ191199911111 9111111119 1111999911.

99999991991999 999991... 111 ” 1....1919.
9111119. 919 111919 W). 91111119· 9. 611919 49919111

(9191991999. 911919 ,999119119ωῆ 9911.

111111 1111 19 . 9991199919
91999119199”96919991 Qu 91.91111911111911.9.91111,19
1191119119. 619119 9919111191, 9. 9. wart, 911119111961119·
19...99, 9119 1199991191 1 111

11191191, 911119911191111919911111911 999 991199111191119111·
9119, 999119 1111911111 9911 11999911911111111919,1999 191 999 1911 (9111111
19191111, 19 911119 99119111 191 11111191 919119 9111191111, 91911111 1111111111
911111,9199111,91111 999 9911111111 81111119, 1111919119, 99911111 999 191119
191191111119111111 1111119111, 111 19111111 1111911 1919199111 6111111, 1119·
1111, 9199111119 61119111 1999111 999 11991911, 91111919 991111111191
(91119111 919 99111111999911911111919 aues 911 91111911911111111 999 99·
1191911119, 91199991191119 91119111191119119, 1191191919 9991119, 911111·
1191999191111111 9999 8911111919 99111119,11911111119 91119999199119111
9119 9111119911191911919119 11111191911111111 99111 11111111111111191-
11111· 9911111111, 311 9911 911119 91119 9111 1199999199 11111 9911111111,
119 999 191911 1911111191, 9111111191 1111111111,9111911111999 911 91111 111119
1990. 399119111191111,919111 H. Heinrich 1111911111, 9911 9111111.
991111-111111111191Ρ19119191191. 3113911 1990. 1191991191 19 9991919911,
91919 91911991 9111119391111111911 91191111 1111919119. 911. (919 61

91 1111191 1,111 9911999 99119 91111919Ᾰ19111 1111119991 9193 ..1919
199 111919194 g} 19 119911119991991999)91191)9981111ῐὼΞῖ 1919 1 ἔτ 9919ω999ω1911
189111. 4⁹4 1.). 99991111191111 91191919199111. 919 99919111.
91119119, ,111111 9919 919 1919 1991119111, 919 99119999199119119119

1911111999 91191, -1999.6.491-99919 119111. 19 911..) 9991111119

91191 91199111 ‘w 19191ω ”nnuma 11111119 umw,¹ffvfittt &mmmmm

κ ffiug· 1) {tm 199Μαι 01.) W 11199 ιΝηιηίωῆεὶω 9 9919 999 mmmm ιε9ῐ111ωω’ἷ911 1. 1999 9.

 

