- ff
ἰ ,
ι u

555. 55515555555 5115551555, 515. 555 11511. 351555 1155155 ὓ1115155 5555151

555 5115111115 1547, ιἰ5. 515 351 5155151111111555115 55511 5915555155
1553 5. 555 1155111 515 5115111155155 5

²⁰) (1515515555551551111.15551115,155.11..11 1111511511. 15551151151115.
479. 594,

²¹) Thuringiao Comitum successio. 151115. 1515551. 155479.

11) 11, 1115111155, zachar. 1155. 15541 551555555151551. 511151555555), iii·
1111111111 51155555 555 1151115551 5155155555 551 5515151515111 51115
11155 1555515155 5151151515 u. 515555, 15 1111 511 55155155531555115
515. 1-1567155551115515 511,1581.1.5981598.11551111.-18131. 55515
11118111. 5111.1111111515155...555.11. 8111111555..ῦ11,815.
555155555. o. 5151 1. 5,,111

[152515 11 (mm 11158 55 5515 55155. 515515555515 1111111551
555 151155 51 11115555515511111155515111]

ι1) 1111155551ᾱὶ1, 15,(11151155151111111- 5111515555)11555515155151511555511-
ringiao, do 15111 15 origine, regno, comitibus do Landgraviis usquo 511
1151115511 vl. dequo urbis Ersiordionsis exordio ot inoromonto. (11 11.)
Eri. 1597. 4, 1111551111..) 5111, 8115111 Bibl. Sax. p. 818,

²⁴)1’ookoootoio, Lauront. (551. 11551. 5151515 5. 5511155, 5111, G. 1155515
51111115. 51155, Θ. 491), Commentarius historicus do ’1551151151 111551,
5. 1555511155 51151111 ooo 551 5151115111 51551555 1151111551 515 icoo
5511151555 o. 511115 &ieci 5. 51515, 555518 511111551515, 5155151515 51155
5. 51555 &iiico 5. (5551551115 15 1115151155,11511111 1.,1551155555, 155115
51555 5555555115 (1511115515 51151 5555115155, 555151555 1555155151151·
515115115 15 11155115 555115555351555 555 Ludovioo Dodone Barbato 55
bio 551511 115 5551 1555551 5155555 noc) 1555555 55551511551511111 555115
1115. cuo 5515 1555555 5151115 ouo 155155 5515515555 Antoribus, 1151155511-
ptisu. 5155155555151555551511111515. 55.155 Seno. 15911151. 515511.
8515115511 1181811

[115511515151151555551115511515511 151111. 15515151. 5555155155

518 551 151551. 5515111115, 1551515. 5155555151]

²⁸) 5155115, 3151, 5151555111111 5155515 5555 5111115111 51511 555 51115
1555 555555551155 Cocyto, 515515 515 55515, 15 1111 1555515511 15 5151
515155 5555111515 ιι. 551115 551155115515,1515511 5511 555555 15155 5515
1111515 Dorieon 555 55515515 1151551 515 551 151555515115 3555 ιι. 558
5511 55155555 99155 3511 5511555 u. 1511155155. 5515511511 558 ciuem
51515 151151555515,15551 511 51115 1551155555 5111511155 55511155 5151555
5151155155, o. 155555 55511 15511111151515551115 51151151111511.
11555 15 51551155 51515155, 55515155 u. 5155111151, 5555 1555511 555 555555
555 1111555155 1155515511 1555155555. Sco 5555 - - - 15555 551515111151
1115151555 15 155511 1515555. 5115111.15511ιι 1589,1.1115515.1)1111151515
5.,.5ὓ 653 11. 8115555. o. D 15817,

[1155511551 551 1599 55 5155551.,ῦ555551 mit 5151155151 51551 515151 155155
5111155 (5511111555, 55 15 5151155 3511 551115 1155515]

’5 81115155 15151551 15 51111111551551, 515555 5151555111115 51551111,
51155155111515115515551 51115 51515 955111, 11515155, 8551515, 5551155
57

 

