265

6101110 10001 1100011οι 11110100. 1597. 1. 1111τί11101 10 1100110101111111.

agitet& 211? ’110110010οι11 0011111 0101110000101011

¹¹') ’80101 30001100 000 (110111. 11001000. 10010011; 301. 1551; † 1600.
11 1111· 1111111· 111111111οῗ· 111111, 11111
(10010100 (10110000, Annales obet 1001111001, 00010000 110 00000100
1100 1101010100,Ῐο 1101 000 1011111111 1500111 ad Annum 1601. 1110011
1011000000 011 0011 10 3001 Europa 0. 001000 θο01000 1030100 ι. 30300
100300, 011 1001010000 110113 01011 011010 001130301101,101001000 0011
110 010101οι mit 11110001100011100 ιι. Sententiis 0013031001 0. 0013οι
1110011101 1011 10011010. 001 10011010001111111111. 3. (110011100οΙ1 (0001
11100011 ς100000. 11111. 111. 1. Q 161), 10 1. 100110101111111. 3. Qtettin
10 801, 10 11100110100111111. 3ῧ101110, 1010100 0001 10 1110101101 110111,
101. 0. 1. ὓ11001ι100 11111. 3. ς1110110 1000101 ς1000001010), 10 1. 0. 852
0001100 11111. 1. 1101011101. 1111000000. (10101. 3. 6101110 1110050104.
1,(100001110 0013. 0. 11101011 1100011101 1000111. 1110. ῦι1111300 111001.
1000101031). 1110100011 10110100110111013130 001 1. 11001000. 110110
10 1111100011 11000000. 11111011. 111. 1. Q. 11-91. 111-135. 111-191.
241-155. 111-135. 0. 10110. 111011 (1010000003οι 00 Dr. 301. 110300
10300110000001. 0101110. 1811. 1. - ,10101 11010111 1101). Pom. An·
mles· 10100 0030111101 000111100011. 100 11103111οι 1οι Antores 110100 100
{umbe ιι. 0013001000 110 1110 0011 0001000011 (101. 1. ιι. 6. 0. 0.) 101.
61000101111003011101. 1331. 1101010101 0. 0. 0311. Q 11. 111010
01101 11000010 3. 60110οι0. QLII—LIV. 01111000 10 1110111101.
6101. 0. 0. ὓ. Q 110-91.

11010 Annales 1101 gmat· 0100 111000110οι1 1001101100100111100110
0100 0.1500-1606,10001110111300 01οι 000303100110 110 ς11100000. 11οι
1111110111 3. S. 1606 0101011. (0010100011003 0011 001 1. 11. 16011ᾐο.
01, 010011 100 0001010603οι 0. 30013000 111003100100 01111 οι,
11111111 111111111111111111011111111111111
101100 0100 11010 But 10101110011001101 101110301100111, ths
‘⁸⁸³¹{2'255353‘b3‘ss‘2ss' 1111111·1111111ῗ”ἐ1 1111111111. 111ῗ
11011101οἒ00ιῖ 3Ξ1ἒίιιο0 11ἓο10111100, 10300 0110010033 110 0130011111οι 800810
111111110111111111ξὲ 11111.ἱ 111101111111111[1211

110 0100 0035111000 1100011100 011 0111101003οη 1110030100, 011 110010

00011001. 0011 1110101, 100 0000130 1000οΘ1011οι3 011 110111. 10010
0011 10100101100100 110 101100 0. 3000011111 110011000101100 10100 110010
0. uber 01010 111030 01111030030030 0. {mique 000 1001011101,00111010100
01011011οΙ0 11100 100 (1100011οτ 100 &omnum 001100 1010003011,10010οι
0001 10100 100 1011011003, 1100 0310000100110 0. 10000 1101000100,
01010 111οτ 101030 101100101 10 1000010 m? 1130 1101111003 1031311.
10 1030110301. ῗο1000 1010101011 0. 10100 03000003, 01. 1101111000
ξιὲἓζοῠ1061311τό10ξι1ιιξιῃιιιιτο0111οιἲιὲῗι11ἓιῗξ1)0 11·οΞιέτο 1111011τῇςῦῃο {gratu {bg}
110 11. ubet 1101011011 00 010100 10101100 000 0110100111, wevera

1001100010] ,

 

