’1 161111, 16161111. 6166 11667), Historiae 1166661 1116166611616, -
- -1116111 66161. 6161166 adornati. magor. 1611. 4. 6. 661. 66·
66616116.

’1) 6166661, Sim. (11616. 611. 1166611111661166.111111.111611. 111. 111.),
6616611616. 6616611. 1. 66666611161661. 16 611161. 1. 6161611 1.
116161 6611 1... 61 66116611 6. 1. 11. 61616. 1616. 661. 6. 6166161.

’1) wimer, 1166. (111. 61611 11666), 6161611166 61166ιῦ661, 6116.
6161611667. 861 (11.116616611116611.) 61166161.

⁸⁷) 6111166166, Sim„ 11666616ςί1 1111116 - — 1666116611116-1116166-
61661 - - 6166616666 11111. 1161. 1616. 6 6. 6166161.

2¹) 1611. 166161 6161111616 (11611), 6611616116 11611666611116-616·
6611616616. Thur. 1666. 161. G· 6166161.

⁸¹) 6616161, 611. (1 1616), 1161616661 1111611 61 161166. - ·- 16611111.
Lygiae 61 6616111666 11166161 616. wittob. 1616. 4. 6. 6166161.

11) 1116661, (16616 (1 1166), 666616 1166116116116661616 prosapia„ (161
6111611 16 6111611. 6666161 libr. 6. 1111. 1667.) 6611666611 116-
111. (1167.

616 11611661616116666 61611166 1166 116 6666616116 161116111161
6161166 1. 661 6616616111.

Μ

’ 611116. ⁴¹) ’11 6161661666, 66166, 661 6111111661,11601161166 166 61611

16161616 616111), 1611 1466 6161111661166 666 16661166 u. 6666 616116 16
(61111 aut 6616611161 166 6161111166 6116111116 6. 61166111661166 1616666111,
1166161166 61166 gu 16666 3611 im 1166161 111616116666166 6111666161.
661, 66 1661161166, 6111161166. 8161166 6616116116 66661166 6611461.
66 1116161 6116616 16166 bie 6611116116 66611661, 161 616616 161116.
61166116, 1616111 1666611161 161 11. 66111166 1466 1611661 61611 166
31476 661111, 6. 616 11661166 1661111, 166 6116166 1661166, 61611111 111
1. ξς. 1476 incl. 661111. 666 16611116 111661 111 666 bem 161616 1616 666
11116166, 1611 1161661611 6611116111166; 116 61611166 1161611166 1161 1166
6111661166 u. nur 116 6111111166 11661611 6161611611. 6611666161661116
16116166 fid) 16 166 611161116τὶ66 61111611. 1. 6661166. 1111. 6666. 61661.
61616, 666 6666166. mttere 616116161166166 (66661 1611-61161. 1.
661611. 6. 6611611. 6661161. in Stenzol's Ser. 161. Silas. 61. ΙΠ.
6. 366-616. ξς. 6. 1166116111 (1161611. 1. 1. 11619. 161 1661161. Q..
6611611. ,66166 6161661661 6. 16661616111161166 16661. 66611616
16 6661, 6161116 1. 66161116). f. 111616 116116). 6611111161. V. 1824.
6611111. 6. 6611611. 66616. „de Petro 16616616616, antiquissimo
161661116111616116661661661161616, ejusque commentariis. 1116111161. 1666.1 1.
8616616116 ,6616111661 61 (16616666 66161. 166 61611 11661166
6. S. 1440-1476” 16161666111116. 1. 66161161. 161 6616611111. 1116166616
16 6116166. (11661. 1667-69.) 11. 1. 6. 666-646. 1116666-636.
S· 61161111 ,36 661. 61666166616611). 166 61. 66611661 16 1.
6111161. 6666161. matt. cxxvn. 1616. 6. 66 111.

,1) 6166 61 1161116661, 6161111661661 1611661166, 6111161661661611

 

