87

11111111111111111 1111111111 1111 111111.1>11111.,011.111.11111.
41111111. 161214) 111 b· 1111 ,11111111 111 111111111ὓ11111111
11111111 1111111111 111 1.1460” 111 111 11111111. 1111111111. 11ῢ111·
1111, 1111111111 mit 111 111111111111111111111111111111 1. 1111111
111111 11111111111111111111111 11111ἶ1111111111111., 11111 11111 11111111
1111111, 1111111 1111 111 Q: 11111111111111111111 111 111111
1111111. 111 111111 11111111. 1. 111 6. 1111111, 1111111111 11 &dms
111 1111 1111111111 (1111111111. 11111111. 1852. &268 111. 111111. 111 111
111111 1111111. 1111111111111111. 1111. 111111. 1854. 111. 6. 644-611
11116.11111111.,1111111 11 1111111 111 1111111111 111 1. 1111111111 11
1111, 1111111 1111 111 11111111. 1111111111. 1111111111111111 1111 911433. .
111111111111111. 1111111111 111 (1111111111 1111111111 11113. 1455, 11
11111111 1111111111 111 6111111 111111. 1111. Braun 1. 1. D. p.292—296.
1. 11111111 mm 1. 1. ὓ. Q 41-11.

[1111 (11111111 1111111 111 (1111111111 111 11111111 111 11111111ὓ11111
11111111111111111111,1111111
11111111111Γ“ἱ”111“11111“1“1111111111111·111111111ιὶ
11111111131111 11111111 11111. 111. Det 1. 11. 11111 111 1433 111
11111111. 1. 111-111 11111111 11111. 11 111 1111111 111 1131111. 11111
1131,111111111 111 13131111. 1111111114111111112111] 11 .
11111 1. 1111111111, 1111111111. 111 111111 11111111111111 11111111
1111111111 1111111, 1111111411 111 3. 1111. 11. 111 2. 11111111. 1111111.
111111111111111. 1111111111 1 1111 1433-1455.
Ι 11111. 1. 3111111111. &tom 1111111111 1111111 111 11111. 111
111 111111111111111111 111 3111111111 1111111111111, 111 1111111111
11111111 1111111 u. 1311111111 1. 1111111111. 111111111111111 11111
1111111 11111 111 1111111111. 1111111111 1111111111 11111111. 1111111111
111 111 1111111. 1. 1111111111 1111111. 1111111111 1111111111 111 13.
gagi). —1291). &eine 111111 1111111 1111111 111 1111111111. 1111111
1. 1111111111 13311.11111111111111111111111111433. 1111111
1111111111 111 111111111111111111111 11111111 111 111111 111 111
111111 1111111111 111111 11. 111 &eg 1111 1111111111· un 11611111
111111 ,1111 1111 11111111111111111111111111111111111111111 11111 11
111111111111 ιι. 1111111111 111 1111111111 111 111 1111111111 111ὓ11
1111ῗὲ1 &ff ἕ 111111111111111111 1111111 1111111111 1111
1111111111 111111 1111111111 1. 111 111111111111 1111111 1111111
’11111111 111111111111191111111111111111111111
11111111 111111111118111. 111. 1.); 111 11111111 11,’111111111111111 111
1111111111111111111111111111, 11111 1111 11111111 1111 11 1111111
11 1111111111 3111111. 1111111111 1111111111 11 111 111111111111111

&inridre 1. 1111114 11111111 1111111111, [omre 1111111111 1. 311111
111 111111111111111 111111 11111. 1111111111 1. 3111111111. 111111 111
1111111111111 111 ὓ1111 11 1111111111 1. 1111 1111 1 11 1111111111,
111111 11111 1111111111 11111111111111 1111111 111 11111111 1. 111

111111 11111111 1111.11111,.1111 111 1111111111. 11 1111111 1. 11111 m
11111111. 111111. 111 1111111111 111 111111 1111 111, 11111 ’11111 11111
1111111111111111111111 1111111ῢ1111111. 31 111 munima*

 

