11 ’1111 111 111111 111111111111 X. 1111111 80 Q 1111111 11111 111 1111
11 1111111130 . 11111ὂὶ111111 1111111 11111 111 1111ἕ1111111.
1111111111..1 1111111.11111111
1111111111 11 11.) 11111111 111 3111 111, 1111-1116, ubet 111 . 111
3111111111 1. 1111111111 11111111· 11111 111, 111 1111111111 11 11111111
11111111 111 1111111111 11111111 1111111111. (11111111 111 A. 1113,
111111 1111111 111111 Q 1111111111 11111, 1111 1111111111 ; 1111 111
111111 1111 111 ῶ11111111 111 13 311111 1111111 10 Q‘) 11 1111111
1111111111 111 1111 111111 (6.110-111) 1111 1111 111 111111. - 1111
1111111311111 ,1111 111111 ww& gtblitbett 11. 11ξιι1 111 1111111
111
11 . . . .

11 *11111111 1111111, 1111111 111 1111111111 11 11111111111111111.
1111 1111111111111 111 1111111. 1111111111. 111 81. 1. 1111. 1. 11111111.

1111111111 111111 11111

(XXXVI. 1. 410 Q). 1111111 1141. 111111. 1111111111 (1111111. 111 R,
1111111111111. (11111. Q 11-14. 11. 1. 11111111 11111111. 11 1. 11111.

1111111111111 1111 1111111111 11111. 11111111 111 111 31111111
11111 111 111. 11111111. 1111111111 1 111 1. 1111111111 18111. 111
1111111111. 1. 1111111111 1 11111111. 1111111111.1111111111161911111111.
111 1111111111 111 ,610-11 11111111111111111 11111111 11,
111111 11 11111 11111 (111. 1111111111 1. 1111111111111111111111111
(11.1ῶ195111.) 111 14. 11111 11111111. 1111111111 11111111 111
11111111111111111111(1111111111111111111111113111111.
1111111111 1111 11111111 1111111111 111111111111111. 1111111111 111. 1.
111111.111·.11111111..111111111.
1111111111 (419 Q In 1111, 111 1111111111. 11Ι 1. 1111111111
1111 {b 1. &altit Q XVIII. „qu 111 Kantzovn 11111111111111
111111” 111111), 1111 111 111 1111111111. 1111111111111111111. be·
111111 ; 111 111 1111 11111111 111 111111111111 111. 1. 11111 1111.
(111111 1. ῧ111111 111111 . 1. 11111. 1. 1111111111) 1111 111111
1111 (111. 111111111111 111111. 1. 1. ὓ). 111 14 1111111 „Iun 1111
11111 114 1111111111,11111 11111111. 4111 1,,111 1111111111 111 1111

1.1111111111111111111111), 1111111111111, 111111111111 1111111 111 111.
1111111111.11111111111111111111.1..

1111111811 111111. 11111111,1111111(111 1111111) 111111111
11131111 1111 1111111111, 1111111 1111 11111111111, 1111111111
1. 1111111111, 1111 111 1111111111, 1111 111 1111111111 11111111.
1111111 1111111111. 1111 6111111111 11111111 111 1111111111111
(1111111111111 11111 11111111, Q 1111111111 1. 1111111111 11111111
1111311181. 1111111111.1111111111· III 111111
1111111111111111 1....111.1111111111
1. 111-66 111111 6111111111 1111111 111 11111111 1111111112.
ἓ11111ἐ.111ἰ1.1.11111111 11111111. 11 1. 111. 1111111111 11 11111111 ἑ

11 11. S. (1 1.11111111111,111111111111111111

11111111 1111111111, 111 1111111 1111111111 11111111 cizenen 11111ἶί11

’1 111 11111 111111111111111. 1111111 111. 111 imm 15114131 111 111 1111. 1. 11111111

lemanum 1111111111 111 w I 11111 01111111 111 1111111111 111 111111111111 11111 11

 

