273

1181118 8. 1111911111 1878. 1118119188 81111 81111111. 1111111111 1111118
1111119 88111 11118881191111111 8111118111 11191818ὲ11118 1111188 8111.
81 1111 11111111 8. 3111118811 111 811 (8111111111 u. [1188818911; 88111 11811
8119111 11118911 1188 811 1811 8111111118 911111111111111811111 81111 8818111119
8. 8111111888 9188888181. 38 8111 1111111118 311118 818 pag. 19] 18191
811111118881811188111118,811811111111ς88111 81 te 88111 11811811
11111111111111111111111111111111118111 1111111
(1111111111. 1111 11111119188111111111111. 91 18 &nbc 818 13. Sa 111. 88. 911
1819891818 14. 8111891, 111 811 81111118111111111 11118111 3 11118118
1881181111 8111118118 188118 ,8111881888 1 ohannis‘ 111111; 88111881
18818881 [8811859] 8811181181. 1181 8111811111811, 81111 811 1111181111
811111818. 111191.1’111181111,Β18-111Βὶ8118 11881188. 1). 63-111
ἓξ. ΙΙΙ. p. 68-812 918881 11998111 818 1181181118 8. 8188111 s 881. ror.
ilos. p. v1-1x.) p. 1-13. r. 2. ‘Anonymi Chronica Principum
Poloniecumeorum 8111818818181818.Χ11.111111ιι8811188188-
181 8. 8. ὓ. 1181. 111111. 11111 8111111 11881118, 818 811 111 8118818·
mersb. 1181, 1111111 888 11181111. 81118181981111111 ὦ. 81119 8116111111
138181118111818181818911 8. 6111111118. 1181.1788.1.Θ1.”
81-88 1811, 118191 11881118 888 111181. 11811111. Stenzel 18 8118111111
libr. 18111181. ad histor. Silesiac. spectant. uos Bib1i0th. Academ. Vra-
tislav. servat. 8. 1881. p. 1 191811. 31181111. 8118818 11111 18 81181·
811111. 11181. 9. 11111188 [891. Stonzel's 1181118118. p.4 19.]; 1118·
1111181111. 8183811111. [Nr. 111. 8. 8188111 8. 8131, 81 9111111811,
1811 888. 1111181. 1811118 9818111818,11811 118 1111111818 ,1. (1. 1111811188,
11111708 118 1111. 81811818 8. 1188118, 1188881181, 111 8111811818111ι
1181. 9. 11118188 181 (88119111 811111 811888118 1111111
11111 111111111811, 881 1111811918. 881 (18818111 8111111111 811 8881188118.
ιι. 88111 1811118111 8118111818 1811 11811811 18111181118181188. 1111 81181111,
ξυα111111’.1111111111111·1111111111111111 1111111111
&a 8881311111 mvnda. 1811111. 1. 1111 81. 1. 8. 1ο a>
ubet. 111811111188111118811111. 811 11111111 811 1111818811 1111111111 888

18118188888111818 881 3811118818 14881811 111111 11811 111188 888
8881111 11888 1181918 9111 1111111111 818 18. 1811111888. 11111191 189111

, 88 811118 6111118

911191 1111 8.1111111.,118111111811111. mit 118 118111 1189181111881118
9881818111, 8. (1881 818 1111811111, 981 1111111818 8. 1811 8111111118
888. 1111181. 6111111118 1818818118, 8811 118181 1111111 818Θ1. 1881181118·
11118, 8111. 1181811181, 811 11111 8811 1111111111 1111 81811111. 8111111188.
11111 1111111111111111111111111111111111811
111111η118ᾥ881 3811811811 {otu 88111 1811111 81111 1811111. 8118111111888
1111181111·1111.1111181111118111111
11111111111111111121111111.1111111·111«1818ᾗὲ
1381-85 8111811, 1111111 8811 11818811 8116188111 818 91118 881 818 .

1118819 8118981118. 118118 1388, 1118181 111 8119889118111111111881188

888 8111 111118 1181111918 88 8. 111111 811811 18111111 18 81118 ι 818 98
8181 9188118118 3811118118, 1111191 881 (1881 88111 8111111 111911 811
13111911 8. 11118188 1111 811 6111111119 818 1118111888 18. 1181818118 &bit
w 111389. 11111181 118181181888 111898. 81881118999ιὶ11 111α1ξ11ῦ1111δ11 Β1 .
18111111811811118111111ῗ11111111110181119η88119111191118611111181, 118811 11ιῖ11 81111
98919889 1118811111 3111ᾶὲ 888 888. 1118811119 1118111181118. (18111111

1181. 8111181118 attin. Polonus; 811 vita S. Adtlbortr
18

 

