144

191151 11 551 5555111,55155155515 1156555511. 91151. 5511 (5511
555551 511 51551195191515111 5515 (115515115146.) 1515919515511
111 5511111 5111 511515555511, 11555155118155 51 551115511; ,551151
5111111 511 1155551111 5515111511 11191191111 915191”,551 9511151119
511 1111515111.) 1119155195. 55111151 ,5515119 151155551151511
91155115911 5515191 51 5511155111, 91155511 951591 Sigis-
111115151151551151 511134.515111155511” 51511511. 19 6.
511, 115 515511555119 (5511155, 15159195155911 1511511 555515
511 51515111 1. 551951 511119 511 511191 51551155 1. 516. , 11555 511
15151151 511 91151111551515111 1515 α5115 11 Q). 315155 115 10 Q)
1511551591 5119 15111 5555551 1. 65515511 51 55111911 ιιι 15951515. nrm
5555155 55555555555555155555““5155ἕ5555555““““’
. , . .

⁷²) 5151511959, 911115, Annales, 151151551155119 511 1111151551151
91511515511, 515151115111115. 1511. 551 1611. 513155 511 151111 911111
1119151511. 5115551. 511. 115 511 1551595. 55555155. 519515915119. 5591.
551115. 5555515511 511 51515115 5511151 955. 5. 511.

η5 9555111 (9555111, 55551115, 95515111, ,9119111115111 5551115515 5119151195
115 511 51951515 91 ς51115119 1511. 151559111511511 511655551. 5195.
59115155119195119151 51181155119. Q 161. - 615105111511155115555
5115555555. 115 5116515555555155. 919515915119 54615115. 1. 151 ,015-
lectanea Camerarii“ 551 911, 11155 115 5111 1. 9551551 511 5115551. 551551
,5511551151 Johannis cameraffl) 115 511 991551111555511 55555155. 515551
15915. 5190. Nr. 15. 1. fol. 5559151155 5111151 ,551 (515 55551 5113
911155191” 51 5515155119195111115. 91 5. 95119151 511 51155119. Nr. 63.
75. 79. 5ἶ.184-186. 189. 190. 192. 51195. &165-168. Nr.17. 1115 551
9515155551 5119111115151911 5,Η51511515119515511515115111551
5555115111115 511 5515115115. 55111511 5551. 15318-357. ιι. 531-
566. 551515 55511111 5511111511 515515115551. mit 151111511 5511151, 1115 -
555 511 5551111 5111 5151195; 51111 11111 515 515 1111511515 5115111911 u.
9115511911 11511555 5195155511 1. 1. θ. 5. 114-116.

[5515115115551., 55559 mit 15111511 55111515511115, 115515511, 1155
51151511555111319 91911511111511 5195111115, 1511 5151 1115551551
9115555515119151911 15101. 1511, 511111 551 951555 19111511 11ιηί51

515511 115 511515511 51591151191 5151511, 515111 551 &latinu 511 111
911511 u. &ahten 159111511511 15115511 1511511 91151111 5515151111
555555555155555 5555555155.ἑξ555.5555555“5.““5555.5“ἕ
55511 511, 1111 ιιι 9515915119 915511 1. 115115115155 1111151, 115151ιί5

cluet 551 511 95151551 91 5151111 5515555555 5119155155]

(55113. 1155155111 5115551. 115 5119515915119. 551555555515515
(S. 17. fol), mit 55111 9515515911 1155551559 515115511955 (5511155 1151
9111111111, 115115515515 555 11151111 195159151195115551. 515115,
515 551 511 (51555551 5119151911 1151511 95111555 111555155515515551551
51131511 1517-551951111155515, 5191911 551 (51555551 511 5115 919
51515111. 5115111115591 11195555 1511515 5151151115 1555195. 951511
5111 1155551 511 9515511591 11111511115115, 111 65515 15115551155119
51511 511955191151111. 151591 51111511. 5595. 555511 1. 115. 5115115,

 

