36

999 9999999 79999 9977. 879 9. 0799 999 979 9799799 99999 9999799 999
999 99. 9799799999.9999 999 7

’7) Caulo, 99799, 991679, 9999903999 979) Breviarium Histori-

eumad maer, quodammodo, suo loco, directum, 999 799, 9797997799

79999 Extract 999 8799999, 99979 99 9997999 Ι. 99 69999999 99 6997·

9997999999, mie 999 {n 6997997999 999 6799 9999799999. 71679 Cin·

9999999 99 9999999799, 99999779 9779 6799999999 999 6999999999

999 999999 6999999999, 999 mie 997999 999 699 99 999 99999999 999

9999999999 9979 16599. 111. 399979) 999 6997997979, 99 79 999 379

9999979 99999 9999999999 99 6997979997 999 3977 97. 9. 979 79999,

999 99799 999779 999 979999. 1v. 97799999 6999999, 6797 999 999999

99999979 9999999799, 99 979 999999, 99999779 iu 99 199799 39779,

99 979, 99 99 19999 99999. V. In Specie, mie 979 99977997969799969997

979 979 999 99 - -, 9999999779 999 im 699999997979999 6999999

9999 9999999997997, 999 999999 99999779 999 999979 7397 99999

,. 99999999, 9. 9. 79. 9999999997 gum Memoria} 9999 91. Hinricum Se·

w baldum 99 3779999 99 69779 79 99 6999697779799999 6999999999

’ Pastorem 999 41. 39997999 Inspectorem. 9755 C.) 9677999999, (6999969

999 97779. Ceam. 9991659.7 4. 699179979993797. hist. Brund.

p..89-91 9. 69799999 979999. 6999979. 9. 977997 6999999. 69. 1.
6.-324 396. Nr. XIX.

[39 99 9979 5 7799. (6.1-19099

999 9779979 39799 979 93.165977798997779777777777777977777799777

6. 99-97, 9999999799996. 36- 50. 9 997999. 69997997. C. 59-55.

- 9. 79999999. 9999. C. 55-65, snb. 9. 69999 99779999 9. 979 999999
6999999999 9 97999999 6. 66-69. 39999797. C 69-79. 3979997917.

, 6. 74- 76. 6799996979. 6. 76-99 39999679. 6. 889ἓ 39997997.

C 69-99. 399 im ΙΙ. C. 93—100. 99999 67999101-109.
39997939799979 ,19.9-117 39999967979999996 1779 99 194- 191.
7779769777997 clm 9. Cr. ,146-159. 759-1999 6997 9 9797 999
6977979999999, 999999. 9999. 69999997999999979. 99 67999999 99
99999ιὶ99. 679999999999; 999 99 777997999999979 999 9999. 97999. 799 99
9 97979 6999999999 99- 699 6 96191-954) 99999779 999997
7979. 7797999, 9. 69999999 6999999999, 9. 6ἓ79979. 6799999999,
9. 699799 6797999997, 9. 99999979 9979 97999 997. 6797999999,
9. 979997 9799799799, 9. 697999 997999. 9999999 6999999999
9. 967997 69999999 (C. 909- 2134, 9999 9. 77999999. 9999 7799999,
9. 39779999 69999979999799779 (C 943-749..)9 9. 6999999
97977777,.77979. 979963966997977. 77 ,77
627711372973737767777-7366. 7747779. 347-368. 371-378. 380. 382. 384-388.
391 398- 400 405. 406. 429-431. 449. 446 fg. 460 99. 463. 470. 477.
6779799 97179777 99 777979 7 97 [9777795779 7797799179 7777777797(7777777777ε
7 ten 999 9719 C 97799 99 67 ,99 97999 mutui. 44489.
ἔξω-596.) 9699 979 9979 6999977999 999 9999799999 99779 99
999. 799910 6 599 571.) 99979999 999 9999999999 69999999

99 999 9797997 9. 999 6999 44. 6. 999799 euecta, 9999999 6999

997979. 7699999999 6119- 194. 6999967799996191-146.

t 99 6 976-999 996-996. 319 4

 

