257

1331, 9133. u. 61131. 11113313 1311233131.. u. 3. 3113333 1131311113
3. 111113311333. Q 3311 §- 11. 55. 53. 1131113311. 3. 3. ὓ. Q 233 (3.)
1111111131 111111111111111131Ἴὲῑέ 1111111110·
333 1311131113 scripta. (13113 fib. 111( 331333113131333. 3111 11113 3111331183
331313. 1312-16, nn 13333 1131133333 361111331311113113313133·
. 3. 3. 1313. 131313131313. 1333. 31. 36111. a. 36. 6. 331 (3.)
p. 1369-1404. 111111.3131111131111111111113111311113133
31111 1111313111 31 origine mundi 113333 311 311. 1532. Libr. V. (13313

11111 113313 11. 1113133133. 1111333) p. 1419-1131. 111. ⁸XVIII3J 311 si-
13333311313 331311. 1331 1311113111 1111111111. 13111111
Lucae Β331113131311 1111113113 1133133133 3331331133313 313.

(13113 11. 31311333 11333311. &promptu 3. 1331333133 (31911.

313311133331133.1596.3311

1613. 30. 34. 35. 36. 113. 1131911 3. 3. 311). Θ393-395.) p. 1553
-1656, 11111111. 113111311111131 iNordalbin ia 31331313 o·
ribus Caroli Magni usque ada. 1643. (51331331. 1313311) 111
111111111111111111111111[1111111311111111111
11. 1. 311. 3. 1124, 1113 11. 64 [(311 3111 11131133 1331133), 1171. 14003ῐῖ
1113, 1133 (111 111113), 1133, 1311, 1313 1331, 1333, 133313 .
813.(11313313ἓ133ῧ31313311.311331339133133313 {obmppcrp bevttlulfetp (11131
Τ13β111α3 13 01311133 111.ἶὲ 1311113311 111-3 3311153111 0311111 11331113
bip 331131 3131313311). 331311331311313. 113. 1557. (3. 3. 136611. 113
11333133 111 11311331, 313111 331 33313313331131 131 1133133313·
(1111111331. ; 3.3.1415; 3. . 1429 111. 113 1131111111Θ1131133133113
. 31119 111. 1. 1133111333 13 &tetum 3. 3. 1431. 1131. 11313. 3. 3. 0.
ὲ. 333 (3.) p. 1259-1403. 1111111113.113133313131111133 013·
1111313111 313. (313. 34 3. 35 11. 1311111133 1331331333 31131113311311
1. 1113133313, u. 113 3313311133 113 311 133331133131313133 3311311313
333333333313333313333
1. 3311331131333 1133331313τὶ 31111131 13 133 311131( en 3311133 1111 ·
13311.,1311333131313313133(113311133 1131331333 37513131 .
(111(313311311 uad) 1331 {obe 133 33133 3111133 1. 1111333, 3. 1333111333
1331. 13131 31111311, 3111 3131331113(133133,113 (1113 bei 133 ς1131113133.
(1113311113 3131 (131311. 1131113313. 3. 31). 1314 Θ. 30313.) ¹p311502
-1113111, ,11131131333113311113303111111331111113 11133
gestorum Obetritarum (13313133131333 (111) 313133 1133111 313113, 113111
1111111131111111131111113111331317111111
1311. 1111111. 80131118111111 (1111311316142 1331ρὸ 1. 1533131311 13113313·
tin, 1649 63131313 131133Ι 313331. 33111313. 1131333ἱῇ3 1113 1313113351·
1131131654 11131333 3111313313, 1661 1331333131133 b. (3313331111 3.
1113133133 11636. 113111 13331 3. 3. ὓ. Θ. 311.) (1333113313
11.333111,.Ι)311.1111311111131Ι)1133111 1133333133313113 eiusque 113-
1331133393331331133313333333311
313131 131 11311313113333 313111 311113 333 133 1131311113 131 1131113133.
(1113311133 3131111333. 111. 111113. 3. 3. D. (23. 310.) p. 1616-1726.
111. xvn. Oonr. 11113111. 3111333313135331333313Ρ3111311·
11133111 131333133111111 (6311113133. 3. 313. (ᾗ. 311 (3.) p. 1309
-1969, - 111. 1113 111. 11. (1113111333 Η31331113131113 3111. (1114
-14231 3111313 Presbytero Β1311131131. p. 2-173. 111. IV. 05·
31331 (1111331331 11313333313111 slesvicensium. p. 135-351.

17

 

