145

¹⁸) mni (51111 555 1518) 1515511555 151 11515551 55111155 1115555551
51155111, 1551551555511155 15555555558151515515151. 515155 15 ς115155
1553. 1515 5. 15. 3. 1551155111. 15 551. (6511111155) im 1151. 115115
ἃ· &affiget 115155 155. 5515111155 115155 1515 5511115111151551551 5111

155 (1551555551511155515511 155 3. 1519. 31555111) 5151551 1151555 mas
5515151111 5515511511 51 11551551555115555515555 35511555]

’3,351555115155’8 16151115551155 155 51111511 1115151155 151 1155155
151 1111551) 551555555555 1551555115 555 rebus Civilibus 51 115515515511515,
ab A. 1519 55111. 1518. 555 1151555 1115155555 (5551) 115155 61515
1115551155)5551155151.” 55511515, 5. 51555 151 15155555155,15 155 61515
1111151151 55 1115151155. S. 45151. (11515511111151115 155551 5155155511
in 155 Acta Borussica 1111. 1. 6. 415-431. (5(115155 855515115555 J. Amando,
651155 (1555551. 1115511555 15 155 111155 6151151515115551) 5. 6. 864-688
[51151555 5515515. ς1115115551 (1511555555 1180115, 1151115111 u. 1151111.
1151555511551ι115111111515 1511555555 1515515511) 5. 15115515515551
11555551. 5. 35511555. 611 (11. 11). 19 15. 111. 37). 37 (it. 91). 45 15. 111. 45).
145 (11. 41). 155 (11. 59). 15515. (11. 5). 158 (11. 51). 195111. 75). 155
111. 155). 10015. (11.1) 511. 1151. 115555 5615 6111115 115 511555 55555.
1151111515 15111111. 61151111 35111155. 1. 6515151151115511). 1848.
111. 5. 6. 47. 5. &eidi 155 51155515. 5111551555. 6111 15.

[115155. 555511 155151 15111. 111551551ῑί55 5555115551 5. 115 (1155511 .
11155555 151 (1515 151 3. 1513 11515551, 15115151151111 55555, 515515
5151555155115555 (1585. 11151555 1-1517), 5555115111) 551 115 615115
5511511115 5551151511555,5511111 5155 5515111 5511) 1155111115 ibet
15515 . 551511 55 115155, 5515551 1555, 5151) 5. 5511 5155 immet uuis
hiitiigen 5. 15111 51515 (1155151555 iiber 1551511551 mit, 55155 Utin
1115555 515551115555 555111551111155. 1155551555 11551115 (1155511555
(15515 555 155 55511155 151151515 15 555551151155 35551555111555
15551· 155 15511151 5551) 551 ’551151 51155155 (115555 151 neuen 155

{gai 11155151 1. 15 1115155155δὲιι
5115 6155511 51551551) im 5
115 1115115 (1511111115 1115555551 51511 5555151115 155 115 155 615515 111ι
51511555 15555 151551551; 5151115511 11511 115 55 1115111) 1555 &teir

51515 ibet 1151511155511515511511511.
5555 1151 55151 5555511115 55151, 15111

15551 5515551. 51151555 55515 1515 11155 155115511151511511, 55

5551555555 u. 115555111511111); 115155 111115511ἓ11111) 5. 55111511155511

5155 51 1 5151555 11555, 5515 3551115551. 1511111151) 11555 61511555
5515515151 5151155515 511555 115155 5111151555, 1515 51 11115151,
55 155 515555111155115515511155151]

¹⁷) 56111555515155111511)551515555115511115511555115111551·
1555 in Quarto 5155 1155555, 15155351). 511515111111151151555155·
155· 15 515551 1511511155 151 11511151 55 611155, 555 315551 1555551
15551155 17. 3515155151 5515515155. 1151. 115555 5. 5. θ. 6105.

[1615156515. 1115555511 515555 51151511556111555565511115551155 (15 155
55511. 6551551. 1111. 6. 587. 515515.) im 1115 5511111555 5155515]

⁷⁸> 11111551, 1155555, 1115515555 5111515155555 1511151511555; 11511)
Annales Prussiao 51571-1581. 5551155115. 15 351. 5511. 5515511111·
11111511. 5. 1115151155. 1115 15155 1155111555 1151555 15555115 1. Act. Bo·
russie. 111. 1. 611. 6. 74-99. 111. 1. 61. 1. 6. 86-110. &i 1. 6. iv

10

 

