126

111111111,111111111,1111111111 111111 311 1111111111 11111 1111 1111111111
11111111111.1 1111. 1511. Q 167-112. 4. 111111111111111111 1111 11111111
11111111111111111111111) 1. ,1115 ,212-212. 5.,1111111 ez
, ‚ 1 1 1
11111111,111111111111111,111111Θ11111111111 111, 1111 Sa 111 111 11
11111 1111 111111, 111 11111111 11111111,11111111111,3111111111 11111111,
111111 1111 1111111111, 1111111111111 1111111111, 11111111 1111111111
1111111111, 111 1111 1 11 11111 311111 111 111111111,1111111111,1111 1111111
1111111111111, 1111111 111, 1111111 111 1111111111 111111, 111111111111111
- 11111111 111111 11111 1111111111, 11111 111111 1111111111, 111 1111111111
ἱὲῗηωιῑίᾒ much 111111 1111111111111ἓ11112 21111113131,81111ἓ1ς1111 111 ε1111118111
11 1111111111111111· 1111111111111 11·
11111, 111 1111111111111 1111111111 1111611111, 111111111 1111111111
Qo 111 3111111111 11111111 1111111111111111, 1111111811 1111 31111111
11111111 ι11111111111111(111111111111141101111111111131111ξζῧ11111ῗῐὲς11ᾱ111ῗ111111111
1111111111111111111111, 1111 111111 1111 1111111, 311111 1111111 111 11111
1111111111.α Q 21844111 111111111 11111111111111ῢ219-
251. 9. ..1111111111 111 111 11111,111111 11111111 11111Ι Q 251-256.

- 10. ,111111111Ξ1111111111111 111 1111111ῧ11111111 1111111 11111111

111 1111111111 1111111111 11111 Qud 11111111 111111 1111111111 111.” Q. 156-
259. 11. ,11111 1111111111, 1111111 11111111 Q 259 11. 12. ..1111111111
111 ῶ111111111111 1111ἰ Q 260. 13. ,11111 111611111111, 111 111111111111
Q 260-261. 1111111 1111 ‘instem‘ Q 262 11. 15. ,1111 3111111111
(111111111ιί1υ Q 263 11. 16. ,311 31111111 11111111“ Q 261-266. -
16. ..111111111111 111 11111111η 111 1226 6.·166-265. 11. „Qec 111 111
1111111111 111 11111111 11111111, 111 111 Qtete 15111111, 11111111111111
11111 11111 1111 1111111111111111111, 11111111311111111, 11111111 1111111
{un 11 1111111111 1111111111111111111 111” Q 261-181. - 1111 111
111ἓ1111,ἱ111]11 11111111111111,11111111 1111) 1111 111111 11111111111111111
111 111111.

1111111 111111 311111111111. 11111311·
..’1111.111111.ο. 11. 1.11. 1.11

(1111111111 1111 1111111. 11111111111111. 11. 1. 1111111111 111 OEb.
8111111 Qud> 111. (1.). 11111 1111 1111 1111111 111111 ,1111111 Prologus 111
11111111116111111 111 Cronica 11111 1111111 11111111 111111 1111111111, 31
1111111111 11111111111, 1111 1111111) 1111111111 11111111 1111111, 1111111 111111
’11111111 1111111111111 111111 (1111111111 31111111111111111111111111
1111151511. 1111 §zita 1111 „Chronica des hochlobwirdigeu rittorlichen
1111111111 01111111, Zusampt der Edlen lande Prenssen 11111 Loissandt
vrsprung 1111 (111 allerkfirtzeste begrieffen.“ 1-11151.1”11. 1511491501.
1111 1111 1111111111 111111 „Volget (1111111111 111111111111111111, 1111
11111111111111111111111 111 11111111111111, 111111 11111 1311111111 111
11111111111111111111ὓ11111,111111111111 111 111111 11111 1111111111 1111
811111111, 11111 1111111111 11111111 1111111111 1111 1111111111 1111111111, 111
1111 11111 1111111111 1111111111, 1111111111111111111111111111111111,
1111111) 1111 11111 11111111 1111111111 111 1111111111111111111111111111
, 1111111111, 1111 11111 1111 111111 111111 111 111111 11111111 111111 11111111111111111
311111 1111111111 111 1111111111.” 1111 11111111 11111111111111111 „Pro-
111111.“ ,1111111 111 111 1111111111 1111 111 11111111 111111 1111111111

Α

 

