131111111.)1ῧ.411-431.-11.11111 111. 1. 111 6111111111 111
111111111 111111111111111 11 11111111. 1111111111 11111
cing 1.. gei ·f113ffl1¹⁸t¹5¹¹?¹ {thie {ng 1.ft 111Ι 1τὶ11111ἱ 11141, 11111111
11111111111111111111111111111111111111113
1126 (111 1111111111 11 1111111111111111 1111111111111 111 11111111
11111111111111111111 11111111 111 11311111 11111111 1111. 11.
111 11111.1111111111111 1111.11111111111111
guban: 111111111111111111111 111 11111111, 111111, 1111111 11 61111111.
11111111111.111111111111. 11111 11 11111111. 1111111111611111
u. (11 11111111111111 Q 59-110. [1111111111 1. Qtaten. 811111
11111111. 31111111] Q 19-110. 1111111111 Q 111-136. 1111111 Q 137
1111..1111111111.631111311ἒὲ11111111111111191ξὲ1
1111 11111111111116148-131. 1111111. (1111111111. 1111111111
16111111. 111111ἓ111111ῑ111. Θ1111ἔ1111ὓ1. 11111 111611111111111ῠὲ11111ἒ1111
11113 114114(1111111111.11 111Ξ11111ἒῃ Q 111-11ι1ῗη11. ’1191 21⁶³&
1111 11111 &amulung 11113111111111111111111111 1111
1511111111 111111. 11111111 111111111311111), 11111
1111 111 1111111111 111 1111 11131111 1411 Q 3-20. 11. 1111
6111111111111111 1111111111111. 1111111111. (111111
111.11111[,,11111111111111 1111111111111 iu& 111
1111 111 111ἱ111ε1ῐ1ι 111. ξέἷέξ 111. 11111111, 1111111, 111 111

1 11,111111111111111111111111111

11111991

Q 111111 111] 111 111111 111 111 11111111 1116111111111)
11. 6111111, 11111. Q 1111111 11-111. 1111111111 1. i. 32 ur=
11111111 1111111111 111 1111111. 11111111111111 111 1131111.
Θ.163-291.-111.1.11.61111111 1. 111111111111111111
111111. Θὲ1111111 11111 11111111113111111111. 111111111111111. 11
11111111 11111111 1111111131740, 111111 Ι. (1. (11111111, Quum 11
111111111111111111111111111111111111111111 11111111
1111111111111111111 1111611111111. 1111111 1161111
11111111 111111111111 111111111111111111111111111741.”]
gx. 1111111111 1111111111, ἶ11111111ἕ11111111111 1111111, 1111111
11111111111111111111ηῇ1111ῒέ1...“,“1Ϋ”11Ῥὲ“11ῗ1111111, 11111
111 1111 111 111111111111111111111111 1111 1311111741 1111111111111
11111.) ,1-41. [1111111111111111111111117411111111
ad ult. J unii 1742 1111111111 111111, 111 111 11111111 1111111. 1741
111111111111111111111111111.111
111191113111010111111111110111ῖέ111111131111ῗῦ
1111111;1111111111111111111111111111111811111118111.
ὲ747. 1111. 6111111, 11111. Q 11111) Q 47-133. 1111111 11111111
111111 1111111 11. 111111111111112311”1[,1..111ῗ111111ἷ
11111111 111 1111111111. 111111 1. 10. 1111. 111 11111111 1741. Q 317
-333, 1v. (11. 1111. 311111111111), 1111111111 1111 urs

*-

11111111, 11111 11. 11111 111 16. 31111. 11 1111 11111111111111 111 61111. 11111111 1111

1116111111111111 11111 111111 1111111· ⁹· ‘⁹‘ ⁴⁹· zamma. ³ ”⁵⁸¹ (nv. '¹'

b· εἷ’]ᾕὲῃιί.. ,ἰὲἃᾶὲιίαέβ 11411.11413111181111ἓὸ11111111. 1111 111111 111 1111 1111111111 w 11

 

