1111111111 1. 1. θ. 1. 11. ὅ. 13. 1111111111 11111111 fl. 6111111111
§.XLVIII-11. 11111111, 8111111. 6111. 111,1. Q. 66-19.

11111111. 1111111. 11811. 111 1. manig: 1111111 . 1. Setun: 111.
1111111. Fol. 115, 111. 11111111. 1111. 111, 111. 111. 0. Fo . 11, 11. 11111111.
Fol. 179, 111. 1111111. 1111. 131 1. 11111111.111111-1111111311
1811111. 11 1111), 1111 111 11111111111111111111111 1111111111, 111
1111. 11111 1. 6111111111111111 11111 111111111111111111111 1111
11601. 11111111 111111 111 1111111. 111111 111111.. 1111111111
1. 11111111 gei 111111; 1111 1111 1111111111 11111111. 11111111. 1111
11111111 111 11111111 111 (in 11111111131111111111101111
111111111111111111111
1111111111111 111 nostrum 11111111 per 1111111111 noxum doductn‘
1111. 7 1.1); 3. 111111111111 (11111111 “ 11113. 1593, mit 11111
11111 11. 1. 8. 1596 (111. 10-33715 4. 5111111 111 11111111 11111 111
111111111111111 ami 11 1111111111 111 111111111111111111111,11111
111 1111111 11 111 1111111111 111 1111111111111111113116111111
voment 11 1111111 11111 11111111 11111111” (fut 1111 111111ὶ11111111
11111111111111111111·111111111111111 1111111111 rtur·
1111 1. 1111111114 111111, 111. abb-35& 1111. 1111111111. 1111 111
11111111111111111335 mit 1. berg. 1. 3111 111 111111 m 371,
mit 1. 1111. 3111181111 111313, mit 1111111111 1111111111 111111.)
1111. aas-390. - 111. Nr. 116. (333 111111. 1111111 811.) 1111 etwas
111111111111111, mit 1111111111 11111, 111 111 111 111111131111111111
111111111111’11111111111111111111111.11111ξὶ111ῗὲ111

1311111 111111 1111111111 1111111111. 1111111111 111 (11111111
111111. X. 111. 111-143, 1. &mg 1. 11 111 auf 11111111 IX. 11·
duic& 11. 1.1513-160011.111-311); 1111111111 111 111111111ἶ1.

111 . 1111 11111111 11111111
(ln Nr. 115 111. Ι111-337; 11 111116 baecken 111. 314-311, 11111
1111 1111 1111111111 11111 11111111111,111 11 1. 111) 1. 111 131606
1111111111, 11111111. 111 311111 11111111 (111. 161 1.,-13011 11111. , 111111
1111111111 1111111111111 13. ,1601 ,1111111111 111 1. (ft. 1. 10 Ε. m
Nr. 115) 36 p. 111111 1111111111 ub. 111111 111111111111111. 11 Q 111.
11111111....111111111111111
1111111 ff& 11·1113111ξέ111ῗῖῑὲ 11111111111111111111
1ἒξ311ῗ11Ν1111111ἶ117111ἷῖ31111·1111111 1111111111 11111
11 1111111111111111111111111131111111111131111.
reb 1.1.11.“ — 111. 11111. c.F01.22. (113 1111111. 111111 11111111
..1111111111111111.11111·1111111111.
Μ· ⁰¹ 11111ἵέ11111111Ρὸ11111111111511111ῗὲ111
ffissffl 1111 1111111111111111111..1111111111. 111 logo 111
“ufcffl ’11ῑέ1111911 luiz 1111611111Ὓ1(1Ἐ)οῧἰ111λ1 {Q 18112181
ξ11111111111111,1111 ain 1111 111111,.·’111111.1111ῐ111 111111.

1111 3111111111111111 1601111 11111111. 11111111 6. 111 7. 11111
1111111 (1111111111111111111111111, 11111111111111111111 1111111. 111,

1111111 Ἰ811...1111) 11 1111111 1193.3111...ί1111111. 91111111

1111111. 1111 11 111 111 (11111111 Ι

ἱ

 

