11111 111111111111111. 1111111.111111911 11111 11111 1111111111 11117 11 111111,
111111111“ 111 1111111 11111 1111111111111111111111111 1111 1111111 11. 1111111311111111,
1111111111 alten 1111111111 1111131111,11ιι 11111111111111111111111
11111111, 12111111 n. 11111111 (11111 1111111 111 11111111111111111111. Cim.
&tuan 1111,111111111111111111111111 1111111 11111111 11111111 111

111111111111111111.111111119111111111111Μ11111111111111111111
111111113Λ11111131111111111111111112.33111111.11111,ἂ111111 1111111111
1111111111, 1111111111111111111111111 111111111ῡ111.(111111111111111
u. 111111οὲ 11. (11111111 1111111111 11111 1111111111 111 11111111.

vm 11111111111111111111111111111111111111111111111111111111 1111111
31111,1111119-1617111111111111111119111111111111111111111.111
1111111111111111 111311111111111111ω vum “ww“

ι’1)911111,6111111111,1111111111.1111111111111ς11111111151141,0111111111111111111
ot l‘oloniae. 11111111.) 1111111111. 3111 6111111111111111111111111111111111·
1111111111111 mit Appendix Regni Poloniao Principum 1111311111 1111111,
111 (11111111, 111 111111 6111111 111 1111111111 11111. 111111. 11111111. 111111.
111. 1. Q. 6114 1111. Q 11111111. 1111111111. {m (1111111111. 11111111. 1111.
ct. 12. Q 1117.

[311111111111111 2.2111111111.(111111111,111111 111 1111111111
*11111111111111111111111111111111111,β1111111“111111 111. mys& ,1111
11111 11.11(11111111111111111111111111111111 1 1111111 1111111 11111 n

111 1111111111Βῖ111111111111111111111111111,111111 ἑᾱφῧ (1111111 1111 iupa

131 gog Ἢ 1111 1111; 111 1111 1111111111 1111111, 11111 311111111111111

⁴¹) (11. um 2112111111 (1111111111 111 111111111111 2111111111311111,
meme 11111111ίί111 1111111111, u. 111 1111111131111111111111111. &mugen
156118. 11614. (111111 11111111111111111 9131111. 1111111111 111111 111 mitt*
1111111111 (11111111 gem). 1111. 811111Β1111111111111111111. (111111. 31. 1.
11111111 Q 4. ,1111111111 11111111 111 1111111111 1111· 111111111131111111111.
Braun 1.1.11...11297 Lilienthal 11131116.11111111ὃ111111111.
1111 11111111111111111513.

[11111111131111111111 11113111111111111,1111111111 111111111111111
1111811111.1111111111111111 11.. 111111 11111. gebin

111 1119υὲξὶαὲξῖ 11111 1111111, 11111111 1111 31111 111 11111 Qim. 1111111111· 12 Stat·
111131. Jsslffidpffss? 11111 11111111 (1111111111 11111111111111111111,1111
C
111111111111111111111111. ⁴¹) 1111113111 [,111111111111111111111111111
311 11111111111111” 11113111111111111111111) 3111111111 1111161111
1. 3. 11211. Q 217. 11111111111111. 11111111. 1111 (1111111111 111111·
1111111111 111111 3111111111. 111111. 11111111, 1111111111 11111 1111111111
1112111111111111111 111311111111111 1111111111 1111111111. (3111111111.
1777. 1.) 111. 1. 62111. ‚chronica 111 11111111111111 111111·
11111111111111111131111111111111111111111111121111131111111111
11111 1111111111 1111111111 11111 11111 1111111 1111111111· (1111
1111113111811111111111111111111111510). 111111111111631111122. mle
1311111111111111111111. 111 11161111111111111. 1. 1111111111, 11111311111111 11711111
111 111 1111111111. 111 (1111. 31111111 11111111. (1111111111. 1.). 1111. 31111111
1. a. ὓ. Q 206-211.

 

