³07

111111111111111111111111. 1696. (11. 111111. (1111111111, (111
>Subm- 11ῧ111δ111111, 11111111111111111111111 111 111111 ἰ111111111111111111
111111111111111 111111..’11111111111.1).1111. m:
1111) 11 111111111811111 111 111 111111 1. 11111 1111111111111111
1111. (111111. 1696. - 11111111ίί111 11111111111111 111111111111111 1111,
111 11111 11. 11111 ῃ(1111111111, 111 111111 1111111111 111 (11111111.
11111. 16116.-[(111111111111], 11111111111111111111 11 111111 11·
11111 1111111111111 111111 111. 3. 1111111111 1111111111 11111 1111 11111.
1696.) 11111111111111611111111111. 1691. 1111 11111111 1111
1111111111111 1619. 1111 ς111111 1111111. 1635. 611111. 1111111111·
(1111111111111. 1111. 1661. 111111111Θ11111111. 1675. δᾶ 11111111·
1111111. 1684. ὓ111111111111111111689. (111. Pii 01116111. 11111111)
11111111 111 1111191. 111 19.111111.11111111111111 1111111111 1111111 ’
111. 1691. 4. 11111111111111111. 16911. 811111111111111 1111111111111·
11111111 1691. 111111111111111. 1691. (111111 111ἐ1111111111891 1 1.
(11111111151111111111111.1694. 1111111111 11111111111111111.16 .
111111 1111111111. (1111111. ῶ111). 1111111111 1698. 11111. 11111111
111111 111 Θ11111111111111 1683. - 1111111365 Q, 1111. 11111111·
11111.11111111111111111111 ’.1111 1111111111
(1111 1. 111111ιῖ 1. 1. D. 1111. Nr. 111.p. 54P—72. Q 111). 111..
Gast, 11111111111111111161111111. 1111111. 1-1535. 11 [1111111111
11111111, 111111 1111111111. 111 ς1111111111111 11111111 11111). 1111. 1538. 4.
(11111 1. 1111111. 111ῦ111111. p. 101-114. (⁹3. 111). N. Verbergi
111111111111111111111111·..11.11111
11.1111111111111111111’11111111111111111111
111 11111 0111111111 Aulae 111111 11111 11111111. (1111111111 111111
1111111 1. 11111111. 1111111111 11111 111 1111111 11 111111 1111111 ·
1111111. 11. 111111. 0111111111 1111 1111111111 111 11111 (11 .
1506; 11111111 1. 111111, 1560 Θ1111111111111 1. (1111111, 11168.
11111. Garpzovii ῦ1111111111. (11111 = 1111111. 1111111110. 1. 4.
Θ. 354. 155), 111 origine 1111111111111 11 1111111 1111111111 111111-
11111111 civitatis Lauban. 1111) 11111 1. &fta „Chronicon obet 111·
1111111111111111111111111111111111111111111111111
111111 111111111111111 11111111) 11 u. 111111 &abt 1111111 1-1131.)
1111111111. 1111111111.) 1111. 1111111 1. 111111. 1. 6314. - Ad·
(1111111111 varia, pertinentia ad historiam 1111111111, 1111 11111111
11111. 1111111111 111 1111111111 111 11. 31111. 111111111111111111
11111111111111 1111111111. (111111111111, 1111111 111 111. 1841 111111
11111111111.ὓ111111111, 1. 1111111111 111111 1111111. 6111111111
1111111111111 311. 111111 11 11611111 1610 1. 11111111 1111 11111·
111111. 1111111111 111 11. 30111111 privilegium (11 111 1111111111.
111111111111111111111. 1311. 1111111 11111111 111 1384 11111111

1111111111, 1111111 1111, &teum &qessmunb'ss 11111111111111111111111·

11 1123, 1431. 1111111111 11. 1111111 1410 1111 111 11111111 111.
ἓ111111ι1111111. 1111 11111111 1. (111111 1503. [111111111111111111111144.
111111111111 111 1111111111 11111111. ῧ111111 1544. 11111111, 111
11111111 111111 1. 1111111111 111111 111 111 61111111 11111111 1111111 1141.
1111 1 11111111111111 111111 (111111 1. 1. 11. 111111. (1111111111111
611111111111111111541. Θιῖώ). 1111111111111111691.1311111111.
111111111111111111111111110. 13111 1111111111 1111181. 111111. 11111·
11111 1111111111. 11111111, 111 11111 1111111 3111111111 11111 111 ltu·

11· ff

 

