411

555. 11511115515111511115, 51 511 11511211 21111511 111151 (5115115551 ιιι

111 1111111111 1547, iob. 5153351 15111511 1111111111 51111 11111115
15585. 511 115111115111111155115 ιι 11]-

ὐ) 011511551111511111155.55551111155515 1111 1.Ιὶ511 1511115111165.
479. 594.

¹¹) Thuringiee Comitum successio. 55151. 1115151111479.

¹¹) 11. mvndo, zachar. (111.1554; 65111151155111 1. 1111551155551, 1111
11111111 (51151115 555 51111111 ιι. 5111151511 511 ottinga, 5511 51115
111ι5 1115115155 5111515115 ιι. 515115, [1 1111 bis 55155111131111115
115. 1-1587.) 5155111511 5. uti. 1581. 15951598. (1511111. -16191 9111.
11118154.1111111111111511551) Q 12. 5111155ωαῦ 1)..815
1111115115. 1551115115

[112511 itctngerogcntiU³ 11115 5151111 11511. 61551151111 5151111111(
511 111115 115115155151111118511151111]

⁸³) kmohmtdti, Jo., (1151111 15 cutm ·5511511 ot) Descriptio historice uhu-
ringine, de 1511111 origine, regno, comitibus de Lundgtaviis usqne ed
Henricum 111. deque urbis Erifordisnsis exordio 51 incremento. (611.)
Eri. 1597. 4. (11151111.) 111. Struvii Bibi. 811. p. 818.

’4)15115111511, Laurent. (551. 11511. 151511 5. 5511115. 1111. (11155111
11111111. (1111554991, Commentarius historicus de Thurin gia: 1311151.
5. 111555111111111111 111 511 5151111111 51151115 1111111551 511 111151
5111551115 ιι. 111115 511115. Dete, 155515 (5511111111, 5115111115 51115
ιι. 51515 Qitteo 5. 1111151111 11 1111111511,11111111 5. 5551115551, 1551111
11511 5151515511 (1111111511 511115551151111, 511111115 1115151111 1111·
515115115 15 11111115 u. 51115155311115 515 Ludovioo Dodone Barboto 51
bie 551 511 teo 5115) 51511111111111 1ι111511555151511111111ὓ1111ι
1111. 51115 mit 1155115 5111111 coe 1111115 1111151111 Antoribus, 1111155511-
11151.111515111111115515111151111111515111.3155159115. 111111.
81111155. 5. D. 1181181

[1111111111511515. 515511111151.5.;1 111111. 1515111 1555115115
1115511111151.111111151,1>1111151111151511]

111555115, 551, 511111111111 (1115511 5511 (1111111511 11511 155 51111
1555 511551151111 escen, 515111 ι. 5555115, 15 1111 1515115115 11 51111
111111 cenetensi ι. 511115 551155115511,1111511 5111 555115 11111 51111
1111511 Derceto 511 51111111 151551 tie 15111115551111131111. boe
1111 55111551 99111 3511 1111115 1. 1511115115. 1115111111 551 111115
51111 111551151515511 511 51111 1511151115 5115111151 1111111115151555
5551155115, 5111111 51151 11111. Em. 1111511115 51151151, 111511.
511111 11 (11151115 11511115,11515111 5. 5115111111, boon 115115 515 555111
511 51115511 91111515 1151155111. Suo 5111 - - - 15511511111111151
111111111 15191511 1111111. 1111115515. 1599. 4 111111 ς111111111111
511551118111155551511.

[1111111551 118 159915 1111111555111,511515511555111111111155
5111111 (5115111115 5 15 111111115 seo 511111 551115]

’1511511155111111111151111551111,1115151511511111 cereso, ι
5511511151111111111111111551 51111 1151511111, 51115115, 8511115, 11151111

57

 

