561

111 111111. 11111. 1. 1111111111 11111 81111111 111. 11131111111111.
(111111. 111. 1. 1111. 1. 111111 11496111. 111,,111111111” 1. 1111111
1111111111 1. ι1111111111 1. 11111 1.1111111111111.ἒ11111111; .
14971111111111111111111.1111111111111 1111111111 .
(111111 1. 11111111ς 1. 1498 ιἰ1. 1111111111 111 1111111111 11 111
11111111111111]; 111 11111 111111111 111111 1111 11111111 111 11111. (111111
111111111111 11111 1111 . 1497 11111111111111111 1111111111111111,
111111 .1495, 11111 111 1111111111 111 11111111 1111111 11111, 111. 111311
111 11 d). 1. 1111111111, 1 1. 1488 11. 111 1111111 1111111111). 11. 19011111.
-188117 Q). 111111111 11 11185 adv. 1. 188 1111111 2 Q 111
1111111111 111 11111111111111111 11 111111. 1111111 111. 1499 1. 1500

(1111111111 1111111111 Diocesj Traiecten. Λο. 14991 111. 1111111111111
1. 1111. 1. 1111111 1. 13111111111111 111. 11111111111111111 111
1111111111 11111 111 1111. 1. 111111· 111. 1113111111ὲ1 15003 111. 111

111111. 111. 1. 31111111 111. 111 111111111111111 111 111. 1111111111
111111 111111. 1. fimum 111. 111311 111 aba. 1. 11111. 1 11 111
1111111111 111. 111 11111111 111 1111 1. 111111 1111 11111. 111 1111111
1111111. - 4. 111 1111111111 11111111111111 11111111 111 11111111 Voss,
1111111 11 1116111111111111111 1506, 111111111111111111111 „Hucusque
Renoldus Korkhorde. Quae sequuntur J ohannes Voss Ludimngistor
ad D. Renoldum colle ’1.“ 1505-1548 11111 1111111,11111.1111111 1
1111111111, 1111111111 11111111 111. 1113. 1566,1578,15741. 1581. auget
11111111 11111. 574 111111 111 1111 1. 11131542 11. 197 11121),
1548 11201111582111100 11 111111,11111111111111111ι
11111. 1111111111 [1111111111 1. 111111. 11111 311111 1. 61111111.
ς11111111 1. 111111 1118111111 111111111111111111111111111111111111
1111111111111119111111111 1111111111 1311111111*
11111111 1. 11111113111111 11111.1111111111; 81111 11111 1111111111
11 1111111111 1111111111 111 111 111111 11111111 11 1. 111. 111111 1.

11111] 1 1. 11111 111. 111 3111111. 1111 Q553f ,1. 11. 186-1011111.
11811-51111111 111111 11. 1111111111 1111111111 Lapdtgrauen
zu Hessen 1111111111 111 dle 11111111 Intentus 1111111111 1111111111 hal·
ben, van Halbrun vth angon 1 (1111221. Junij Anno 154811 11201111.
-205, Zeddell [1111111111 11111 111111111.].-,,1111111111111 1111111111
Eoclesiarum Monastorionsis 11 Osnabrug. Eplscopi, 11 Mlndensis
Administraton's de reformatione Cleri. 1111101548.κ 11. 20611111.-
209 adv. Ι11111111 expellendis 0011111111. 1120911111. 211). 1111111
111 11. 111 adv. 1111 111111111111111111111 11111111 111 1. 31548 111.
111111111111 111 Q. 1111111111, 1111 1. 111 1111111111 111

1111111. 11111111 1. 1111111. 11111]

⁸) 111 11111111 1111111111. 1111111111. 3111 111111 1111111111. 1111111111
1111 11111 1111 11111111 1111111111 1111111111ιοί’1 chron. Temoniense nufz

1111111111. 0111111Β111110111119. 11. 80-58). 111. 111 11111111.

11111111. 31111. 1. 111 1. 1. 1111111111 1. 1. 1. Q 117-131.
[ igsridus de Lapide (111111111111111111111111111111 11111111.
111 987. ,11111 1113111 [987] 1111111111 1111111τί11 1111111111,
111111111111111111111111111111 1111111111
11111111111111111111.111. 1111111111. 1826. ,3. 987. 111.
Dothm. 1111111111 Su 1111111111. (1111111. Tremon. 111 11111111101174
11. 1861. 11 1111111111 11111111111111111.801111101119), ,
111111 · 111111 1111 111 11111111 111 1111111111111. 11 111111,
1111 0111111111 Τ111111111111111 11. 1111 1111111111 111111 [11111111
11111111 111111 11111. 11111. 1111111111 1. 1. D. 11. 80. - ’1111111-

 

