⁶231

ι. 11 111111111, Θ. 241-261. (111111. 1. (1111111111 ὅ. 264-170.
811111 ι 1111111111 1678, 11111111111111111111111, ὦ. 315-322. &degsa
111111 111111111111 ιι. 1111111111 11113. 1679 Θ. 323-316. 11111111
&t 1111111111, 11 111 ι. 1. &malannum 11319-111. Ap 1111111
mie 111111 1111111. 111111 1. 111111 11 1. 1111111 1111111 1. g. 1681
ιι. 111111 111111111111 1684 15. 331-333. 1111111111 1. 1111111]

¹²) 111111, 11111111, 1111111111.1645-1707; Dr. 1. 11111, 1111111111
1. 61111111111111 111 111111111111111111111, 1111111. 11 11111111 1111
1687 1111. 11111111. 111111ῑὶ111ιὶ11. 1. 1111111111111 11 &turgum
1 1707 111 61811111 11111111 11111111 1687 ι. 11071111 111. 11111111·
111 1111111 11 3 11111, 111 111 111 1111 ιιι 111 1. 1111. 111
1111111 111111111111. 1111111111 11111 1111111ιὶ111. 11 1. 1. 1. ῦ11ιιι
111111111111. 11 ς1111111 (11111 111 11111111111.1111ιιι1; Philippi ΙΙ. em-
blemata, 3111111111 ι. 111111. 11111 11 1. 111111111111111111. 11 6111111
(mit 1. zita stirps dueum Pom. 193 ῧ. 111.) u. 1111. 1111111111
1111111111. 1. (1111111 (1111. 591. Nr. 11. 1. 111111. 11811 11 1. ῡ1111111111.
6111111. 1. 111111 (111 1111111. 1. 1. (11111111. ιι 111 1. 1111 1111111. X.
1523) 111 111 1. 11111111 111 1111111111 1111111 „Fragmentum Chronici
Pomeran. Heileriani“; 1111 11117111 11111 1111111, 1111ιί1 111111111111111
1111 (11111111111 Genealogia 1111111 11. 1111 Nr. 29). 1111. 11111111
ιι 1. 1111111. 1111. 1. ι. D. 1101101.

111111 1.1 111. 111111111111111111111 eine (1117111111 111 11111111.
111111 111 111 1111111111. 1111111. 1. 11 1111 1111 111 111111ιί1111
1111111111. 11 1111111111111111111 1ῗὲ 1111111111 111
1. 3. 1517 mit 1111111. 11111111 111111111111 1. 111. 11111111111111.
19111111, 111111111111111111111111 1τ 1131111111 1111 111. -1111111
..111111111..1111111. 111111111111

111111 ub. 1111111 1111111111111111111. 11111. 1111 11111111
111111111111111111111111.111111111111611111 11111111 11111
111111111111ἶι.1111111ι..111(1.11111111111111
1. (1111111111, 1. 111111111111, 1ὶῒέ1ὴ1ηιιιῐιι1111ἱιὲΐῗτιι1ζιοτιιιιθ11ἓῖῐίιῗξιῖ,
111111α111011111111111111111111.11111111τ 111 1. 1111111111 11111111 11111
111111 1. Qube 111 17. ιι. 111111111111 18. 31111, „mmmm (111.
1111116111 111111111111111 11 1111111111 3111 1111. 3. 111 111
111111111- ιι. 1..111111..11111111
1111111111111, 11111111 u. 1111111 1111. 1. 1. 1. 11111111 11111111ιῴ111
1111, 1111. 4. 111 1111111 ῶ11111111111111111111. -1111 3. 1111. 1.
1. 1. 11111111 11111111 1111. 2. 111 1. 11111111 ι. 111111111 11 111 1111. 3.
1. 1.111111111111,1.1ιι 1111111111111. 1. 111 111111 11 1111111111
1111111114. 1111. 111111111111111111 1111111 11

⁸¹) 11111118, 13111111, (1111661 1111111 1111111111111111111111. ..11111
111111. 111 1111111111 1111111111 1111111111 11111, 111111 2111 111 111»
11111111 ..111 1111111111 1111111111111 1111111111. 1111 2111111 118
111111 111111 11111 11111 ιι 1111. 111. 1111111111 111 1111 ς11111111 111

n .

 

