W

ιι. 8. 11188811 8. 8811888881 1514 Q, 31 111 1188111181181111888888
1888888188 153ος 8181888118881 1188118181111888888 1588· 8881118118 uns
1111111118,1188888188,18188188188188 ιι. 8881888181 888. 88818818, ,18
1530), 18118881) 881888881181881 8881188811188 88. 888888 8888818818
18881881, 1818111188 (1881888881 1533· 81. ιιι . 1551), 8111888
(118888), 1881188888 (8888888181 81881111181188 u. 81888 mit 8. 1. 8888;
118 egum 81881 {hears 881 Q. 881 1881888 11881188 1496 613114 herm.
8. {intonsa 88881811118818888811) 8. Q. ιι. 881188 8188181881, 8. babet
11181. 1188881188 1506; 8181118188 18188188 (1118811118. 111818 81118881
1518 ιι.11.),.888888 (888888888811811811 mit 81888 11118888 1463;
8818811811 einer 1181) 1480 Θ. 84 1114 118888 1554 ιι. 57; 18881. 8. 31⁵1·
lid) 18 18. 1556; 811 aud) 3. 1516), 188888 (118888 1505), 1188888
(88181518 1888811888811 1510; 8188181881 81888 §avene 1511), 8181
88 (88888 1548), 1118811888 (1188881548), 18118888 (811. 3. 1553),

881188 (8. (118. 8818888118181494 88181888 8181888881188; wem
118118, (8888888881 1535, 84411188 11188188 1118 &3 111811 1554),
ῧ111 11818888888 8. 8811888881881 153181583), 6188188818 (811.
881 · 818888 18 18888888
8881811318. 154811,188188(111881”1511τ11,’118 1111811811αᾶ111181181
8888811 1111;118888 1571), 111881881818 (8. t. 8. 8811888. 1558
1888181888 fib. 1881188188 188 11111888. (88888888 1504; 381 18811181.
111111111111811111118111’11181ξῖ11111131181111111
811311811ἑὲ11.111ιὲ851111. 1181.11118111111511811111

8ηωωωω8ωῳ1ω88ω88ω)

ιι. 88818888 8881818 8111888 (118 8881181188. 118811888111881 ιι. 81.;
ψμωψωωωωωωωωωωωψα
1881118811111 11111111. (1.111181811111 811
§timum (18181) 8. 1188881188, 88881 p. 81181881, 1811188188 8. 11811188,
{emb 8111811818381888 8. 188881 ub. &futen . 818188 1141);
ιι8. 8888888 88181181). 811818 ιι. 818 &t 11818· 1818118. 818188ς
1181118188 88. 818 11181818881 8. 118818888181818. 1111888, 181818
181188888118818188 8188881888188 ub. 818 811881188811118611111
18888; fib. 818 8811181188 8811883811 8. 1818818818. hurd) 1111111888. 1181
188; 118881 11881811. goffert 8ι8 88188 8. 118 88 ιι. 8881188881 , Meg
881 1181811 8. 88888888 18188818 1888188 8. 1888888 , 88. 88811188
8818188888 1118818888, 18ι8ι8 188. 8118818888 118188888818118 (8888111881
³· ¹⁵²⁹ Θ· ⁴¹ 8181111811881811111118111111
ἓξῖιῇξὲ 1681111180 11111, 8811888111811) 18 1811188, 8188188111188861881

8888 18188 18 888 8188888888 188881, 188888 888 1888 88 881 gu 11888
11111111* 11111 11811111181111111111111111111111
1188888 8881118888888188111111188 (1881181188 im 8811118188 8881181888, na·
mentlid) 18 888 4088 888888 881 18. 88181)., 8881181888. 11188818
118ῗὲ1 11111111·11111111111111.1“11ἷ1.”11.111”11111ἕέ
88 81881888888118818818818118 881 Qun, 0188818818 8. 881 18888
im 16. 38188888. 818118181811888188. 1118 8188188881 111 1888818111
{urg 8. 88181 181 118181 ungentum 8881 118888 181 8888 11818188 88118118
1188888 8811188188. (1111. 3. 11. 1. 1480 188. 81888 1118811811 18 §pamm
6. 84-36; 1. 1488 ub. 888 8888811 1818888 ὧ. 11 111 . 1436 88.
818 8888881888 11811881 81881 1118881 881 1881818 11181188 Q 13 11.; 1.

m· t.

 

