85

11111111 11160-1411. 1111 11111111. 111. 111111. 11311-1141 1111·
11111111 111 1111111111 111 11111111 1. 1111111111. Θ. 367-407: 1 M
11111 (Quantus. 1111111111 1. 3111111 111111111111. 11111 1111111111
111 Θ. 1311111 11111. 1. 1360-1419. 41111111. 11111.) 1111111111. 1113.

[111111111111. 1111. 111111 1.1.ὓ. 11111111. ὅ. 10-11. 3111111111.
111 1111111111 11111111. 111 11111111 1111111111. Fol. 1131 1411. 161.
- 111. 113. 1. 1311-1419, 11. 111, 114111), 11111 1111111111 11111111.
111111111111111111111141111111111111111111 11111
1111. 11. 93.) 1111 1111111111111111111 1111111111111 (111 119011 111
1111111111 1111111111 1111111111111 1414 11111111 (1111111111111111 111
111111111111ᾓ1111500). θ111 1111 111111111111 1111111 111 1111.
1101111111 110 ’11111 11111111 191111 ‘Sssffiffli'stffi‘ssss 11111ῗῖ1111
11111 11ἓ111 311111 111 1111 3. 131611 1. 11111. Θ. 29. (1111111111
1111111 1111111111 111111 1111111 111111111111 11111 11111111111111111
,1111 1111111111111111111,111 1111 1111 1111111111, 111 111 1111111
111, 111 1111 1111111111, 1111111 1111111111 &ones 11111111111111111111
11111111111111111.1111111111, 111 11111 11111 111111 11111111 11 111
1111111, 1111111 111111 11111111 1111, 1111111111111111111111111111111)
-111141, 1. 1360-1419 84 1. 11 11. 111), 11111111 11111 1111440
11111111111111111. 111111111111111 11111. 11111111 1·
- 11. 1111181111. ,(1ο111. 111 11111111111ἒ11111111111111111111111111).
11 111111111111 111 11111. (11111111 1111 1111111111111111111111111 1111
,111 11111111 11 1111111 1111111111111 11111111 11 11111 X 8111.1
mammet: 11111 (1111111 111 111111 111 11111111 1111 1111
11111 11111 1111111111,ῠὶ 11Ι 111 1111111 111β1 11111111, 111 11131.
1111111111111111 111111111111111111111111 11ξὲ
11111 111111111111111111111111111, 111 111111. 1111111111, 1111111111
11111111 1111111 1. 111 1. 1422. - 111. Bor. Fol. 867. 11. 1360-1419,
1111111111 111 (11111111 111 1111111111111111τι11111111111111111 111 111
1. 111111. 1411. 1111. 11111111. 11111111111111111,’1111) 11 1111
111 1111111. 1111131, 141 11111 1111111111 11 1111111111. 1111111111
111 1111111111 11111111. 11 (1111. 1111111 1-11111111111 11111111. [sutem
1111111111·11ῗ111111ῗ1111111111111111111111111111ῑῇ111 {effla 1}th
111111111111111111 11111111 1111 111111111 111111 11111111111111 1111
111111, 1111111111 11 111 ,11111111 1. 11111 11111111 11111111111, 111
111 11111111111111111111111111,1. 1111111111 11111111111111 1111111111
111111111111111.111111 ,1111111111 (1111111113ῐὲ
1111 1111 11111..11.1111111111111111111ῗὲ 11111

1111111 1111 111111111111111
d> 111 11111111 111 11161111111111 1111111111 111111111111111111
1111. 11111 1111111111, 11111111111 111 111 1111111 1111 11111111
1111111111 11111111, 11111111 1111 11111111111 11111 111111. 1111111111111·
111111 1111. 1111111111111111111111311111Μ ³³²*
1111111111111 111111111111 1111111, 111111 1111 111Θ1111111 11 Dr*
1111 11 111 11111111111111, 11 11111111111111111111111. 111116111111
1111 111, 11111111 1111111111111 1111111111111 11131408 1111111111.

1111 1111111111, 1111 111· 11111111111111 111111111111111111111111111

ᾗ11111111 1111 11111 111 1111111 1Ἓ11111111 1111111111. 11111111ἱ111111111

[1111111111 1111111ῑὶ, 111, 111 1111111111

111, 111

 

