· 611 1611 (6161 616 16. 31616. 611161 111 61611 6111161111 611611 1161111
1111111111 131111111 1116 111611111111111 11611 611 3. 1611, 1666 1. 1611]
⁸¹) ,1111111111116611116611161111311111611111111116111116
1616 1161 111111Ρ111111111 Β111111111Ρ11111.. 1111111111 111
11111111 111. 111. ι11116161.1161111961111 11113. 1616. 611111
6111111111161611116.1. 1111111. 611 1611111 11111 ,1111611111 11611111
1111111111 111 6611166111 111 611111 11111 1161611111111 611111111111
1611. 1111111 11161166611116011111111111116111116161111111111. 1116
11 11116111 1116 11111 11131111 116 16111 61111111 611111ὓ 11161 1111
11111 111 611 111111 11111111 11 161 61111 1611 11111 1 1. 11. 111
111111 111 1111 1111111 1111111 1111116 161 61111 11111 61111116 111111611
111116 11111116 6111 11111111 ὓ1111 1611 6111116111 6111111 6111111 6111111
,1111111111 111111116111 1111111111 611111 161111 111 1111111116 111111611.”
61111111 11161 1111 116 116 111116161111,116111161116111 ,61111611 11
1311111116 11 6611111 161161. 111111161111116111. 116 1161111. 1111611. 1.
11161 Q 49.-611 111111611 1161111161111111 116 1111 611 661116 61611116.
1111111114 (6111611111 111. 1111111611. 116 1-1665 1. 1. 1666-16671,

- 111111 1111. 11111111 6111 3 1696 1-1616. 1611411111111111111
-11113, 16161-1516, 111 6111 1111111116) 1. 611. 661. 1161161111)
,6.67-11411-16661, 1. 11111111 1116 111 6111161166 1-1361) 11
,1111111111616166 §Det 61111 111 111111 1111111111 ,Orouion Des
11111111 Β11111111 11111111 Ρ1ι11111111111, Welchos auch 111111
ΙΒ111ἰ1111, 11111111, 111111111111111111111, Vlmagaria genunt 116 1111-
111111 111. 111. 111. (Q 111 11111111 11111111 1161161116 6611111 11116
11111 11111611 1111111111) 31 111. 166 11111 11161111 1111 111 Q: ‚Auch
1111111111 die Namhafltigen geschichten (1110111116111111, 1111 verendorungen
(111 Laudes, 11111 (11111611, 1161111111, Ordenung, 8111111, 1111611111,
11111111, 11111 Herschasten 111111 1111111111 Ρ11111111, 111 sich 611 Dantczigk
6111111111, sampt einen Register 111111 1111111111 1111116111 recht 1111111-

· 11111 6111611611 11111 1111111111· 111 (11111111111 6111111111111. Fr. C.
’111111 111 Duisburg. 1611111 11111 111611 1111 111611ἓ161111 111 m: „Also
1111 was 1111 Dauit 1111, Das Gott 1111 1111111 hertz tragt Ihn 1111111Η11111,
md dio regirt. Sein that mit 1111111 1116111111 111111. 1111111111 11 nicht
1111111 also, 1111 dem Grim (111 Koniges tho Vnd 1111 111 11111111
111111 1111111, 1111111111 11 11 1111111161, 6111111111 1111 1111111111 dnn,
Das 111 auch Gott Ζ11111Η11111111, 1111111 Zu 11111111 11111 1111111, 1111
11111111 wer 11111 garing gezelt 1111111111 1111111 grosso Potentaten. Zuvorn·
11111111 111 1111 genten Nicht 1111111111 von 1111 1161111111 11111111 Son-
11111 1111111 in grosson ehren.“ -- 311 111. 653 11111 111 <11111 mit: ,11611
11111111 111116, ῦ1111116 6111 Θ111111111611111 1111111116111111,
16116161111111. 6111116911. Sum Jacobi Adlori Dant. Βο1111.“ Ex
collectione Manuncriptorum Fr. G. G. 111 Ι)11161111.-31111.666 111111
11111111 1. 611116111111 „Chronica 116 111616 1111111111 311111
61161111111111111111. 161111 (6611111161611 611 111611 111111 11111
11616111, 111111 3111111 111 6111111111611, 61111111 11116111, 1111

 

