399 ἢ

111111111. Q 64-69. 111. 61 1. 1. (1111111111 11111111111111111.
Q 69-81. 111. ’11 1. 1. 111111 11111 11 1111111111111.11111(111111ι
1111111111 1111111111 1118111111 111 11111111 111 1111111 1111111
111111116111111, 11181.1111111111111111,111111111ξ
1. 11111111 1111 11 111 Qt. 11111111. 1. 111 11111111 1111111111 11111
111111 111111 111111111,11111111111111 1. 111 1111111111. Q 91-147.
111. 9111111111111111, 11 1111 8111 111έξ1111111111, 1111 1111111111 11.
1111 1111111111 1111111111,1.111.111 11111. Q. 141-158. 111101
1. 111 11111111. Qum-5161. 111. 111 11.,111 (111111 11111111 11111
ἱυῲθαὶὲ 1. 11Ιὲ11111εὲ aetgtgugfl u: 111ῠῖ1111111ὲ11δ1111ὲῒ11ἶ111ἓ11. 1116111111
11.,11111111311111...1111111111-11.111111, 11111
11111111 11111111, 11111 111111 1111111111 111 61111 111111 1111111 111,
111111111 1. 1111111111 111,111 11 11111 1. 111. Q. 189-218.) (111
-1111 ,. 11 1. (111111111111111 1111113111 1. (11111111ηῆ 1111111
111111 11 11111111. 111. 11 111. 1. 111111 11111111 111 (1111111111111
11 111111 1111111111. ..111-231. ,11 111. 1. 1111111111 11113111
111111 1111111111, 11. 1. 6111111 11 11111 1. 111. 1113111111111 (11111
1111. Θ132-140. 111. ,31 111. 111 11111 111 11111111. 11111111 1. 111.
1111111111111111 11111111 110111111111111(1111111111
11δ1ἕίε11ἱ1111 11111111 11111 1. 1111111111. Q 218-161. 111. 5:
1. . 1111
11111111· 111 1. 1111111111. Q. 111-177. R ,6111111111111111
111 11111111. Qtiftfl 11 1111111111 1111 1111111111 1111111. 111 1111111
1111 111111 (511111. Q. 111-284. 1117111. 1111111111111111111
611111. Q 284-2811. 111. 8: 1. 1. 1111111111 11. 1. Ecclesia 01111 ’111
S. sixti, 11111 1111111 111 1418 111 111111 1111111.1111111,1311111 111
Q. 189-193. ’11. 91 1. 11111111 111 11111111 Qt. 111111 1111111111·
1111, 11111 1111111 1, 111111. Q 293—296. 111101 1. 6111111 111
(111111111111111111. Q 297-199. 111. 1111. (11111111 111 1111131111
(1111111111 11 11111111.,11111 111111 111 111 111111111111111111111
11111111. Q. 300—304. 11 ,111 111111. 11 11 48 1111111111 111111111111
11111111111111111111111111
111-111. 111111. 1000-1100: Q. 111-419. 11. 1v. 111-15441
Q 439-461.], 1111 1. 1 11111111111111 Q. 406 11.1.11.; ’1. 1. ῧ11111·
111 111. 11111111 1v. 11111111 1 1. Q 11111 Q. 431-438; 1. 111111
1111 1111111111, 111 111 111111111111111 1. 111111. 1111111 1111111
111111, Q 4273 1. 1. 11111111 111 1111111 1111. 11111111111111 .414;
1. 11111111111111 1. 11. Q. 384—455.) Q. 191-411. 1111. 111: 111. 111
(1111111111 11111111111111111 (11111111111111.1111111111 111111
11111111 11111. 11111111 111 111111111111161111, 11. ,111111
1111111. 111111111111, 811111 111111 1. 111 111, 1. [Q. 411-411 11.
1111 1111111. 11111111111111113111111 111. (11.417-485. ,21
111. 111 111 1111111111 1111111111 11111111 111 11111111 1111 111. Q 486
-494, 111. 31 (11111. 111 61111111111111111111111111111 11111111 1.
1111· 1111111. Q. 494-500. 11141 111. 111 (1111111111 111 1111111111.

f
111, Ι61111111, 1. 111111111111111111 1. 11111 13111

11.

1111111111. Q 500-516. 111. 11 111. 11111 11 1. 1111111111 11111111
1111111111 1181. 6ζὸ17-110. 11111111 flbmiuifttatot 11.(1ἓ11·
11111 Ι. [† 1111]Ι Q. 511--128, 111. 71 1611111. 111 Qtifte 11111111. o·
11111 (111111, 1111 4. 1111111111111 [116181 Q 119-531. ,11. 81
(11111. 1111111111 111. 111111111111111 1111. 1111111111. Q 187-148.

1119111111111111111111111111 11, 11111 11144111111111661(

11 1. 11111111. 11111111, 11111111. 11 ῢ1111 11111. ,1111111111 111111.

 

