317

11111111 11111. 11 111 1111111111111. 1111111111, 111111 11111111
11111 1111111111 11. - 5111 111111 1111111111 1111111111 1111 1111 111
111111111111111 1. 8. 1315, 1111111111 1111111111 1111111 111111
11111111, 1111 111 111111 11111 11111111111111111111.).6. 111-119. 1.
11111111 β. 191 1 . 1111. XVIII 111. 1. 1111. V. 114011 1111 fige
11111 11111111111 1111111111111 111111, 9111111 11.
1111111111 1.·11111161·1111111111*11111111111111
11111 ς1111111111111 11. 11111) 111 11111. 31111111 111 1111111
11111111·111111111111111111111111
111 111, 111 11111111, 1115111111. 11 11111.·111.,1.1521-1541, 11111
1111 11111111. 1111 1111111111, 1111111, 11111111111111111111
III 1111111111111111111111·111711711111111
1111115111111111111111111111 1111111111111111111
ex autogg. Bart. 31111111). 311111, 11. 1111111111 (1 1491) (ᾗ. 114
..181111181-181 1111111111111111 1311). 2 1111111111 111
11111111111111. 1141111111 1111111111
111111.,-,1111. 1111111111 11111 11111111 111, 1111111111 111 1111 1111
111 11111111 1. 1111111111 1. 1111111111 egen 111111111111111111111
11111111. 1. 1111111111. 1111) (111111. 1. xx 111. 1, 11111. 11411
1111111111111111111111111111111111111111111111111
111 1111111111111111111,11 111311111111301111111,111
1111 Monachus Pirnensis 1. Mencken, Ser. rer. Saxon. Tom. II.
1111517111. 1111 11111111. 1. U). 61111. {Det Qus.. 111 11111111
1111111111 111 111111, 311111 1111111 1. T1l1anus [111. 111.

ἱῆῗὲῒηςῧῖῐῇαψ u. 111111111111611111111 1. 1111111111 111111

111111 1. ὓ11111 111 1. 1. Q 150-117.] 1111 1481-1530111
111111111111111111. 111 11 1111111111.111111111111111111, 11111111.
1111111. 1. 11111,ῧ111111 111111. §ebt 11111 1111111111 11
11111111, 111 111111 111111111111,11111111111 111 1111111 1111 11111
111111111111111111 11111 111 111111111111111111. (151111 11111 1111 11111
11111111111111111111111111111 1111111111111113111111111 111.
111111111111111111111111111111111.111. 11111111111111111 1111.
1111. 111. 2. 111. 1. 1111111111 1111111111 Nr. 111. &- 241. -
1111 1111 1111111111111111111 11111111 111 111111ῦ111ι 1. 11111111
111111 111111111111111111.) 6-193-337. 111 u: 11111111111111111.
11111. 3111111 Θ. 338-357. 111. XXII. (11. 11. 111. IX. ¹⁸44)² 1111
11111111111111111111111111111
1111111111111111111111111.111111
111 11111111 11111111 1111 31111. 1684 1. 35 1. 11111111 11111 111
{manahen 1111 111111 11111111 11111111111111111.1111111[111111. 1.] 1.

1111111 [Io. 111. 11].) 6. 111-114. 11111111 1. 111-1111
(1111111 11111111 11111 1111111111 11 1111111, 111111 111 1111111111)
(ἦ. Ι159-218. (1. 11111, 11111111 111 1111111111 1111 11111
11111 111111111111111111.11111111
111 111111 11111111111111111111111 111111. -— 1111111111 111111
11111111111.)(ῗ>.291-300. 1111111 1111111 111 11111, 1111
1111111111 11 1111111111 111111111111 111111, 1 111 111 111111 1. 111
111 11111 11111 (111111 1111111111, 111 1643 111193 1111111 11111111

 

