., 555

puae historiae quse stempore Caroli 11. usque 551 e. 1585 in Germanis,
potissimum in Saxonis acciderunt, auctus 5115155. 1155155ιί5. 1151555155.
15564. (151515155555551555). 115555551555. ,

155151551155 5. 55555551551155555155555, 555 555555 555 55555 555555·
61151 55 55155551551 5551115 5555151, 5. 1515 5151 11155555 555 5555555
515 555 55555555 551551555 35115555 55 5555555515 oto. 555 oerore
555 om 1555555, 55515 5551551 55555. 6515555 555555 5155555 55 555
5555555, 5515 515 55555 1115555 55551555, 5515 1555 55 555155155555555
551555 55515555 155 6115 515 515555 55555551, 15 15515555 35555 515 55·
555555 5. 555 515 55555 55155 5155555115515555555, 555 55115555 51555555
515515 5555555155515. 555 5551555 5155151515 5511155 511 555 555555 111551
555 15115511 5555551151555555. 111555 5115515555 51555555, Notarium
publicum 5. 515555 65555555555, 555555551555 555 19. 35111 anno
1604. 551. 5555555, 515155. 51511515. 5. 51555515. 5515555 515. 1.
6. 39 55.

[1115515 55515555]

¹¹) ’5551115515 (1555),, 5. 8555555565 Historia halberstadiensis 55551-
5151555 per singulos Episcopos ad praesentem statum repetite. Jenoe.
1615. 4. 1151. 5555555, 515155. 51511515. 5. 51555515. 5515555551.
55. 1. 6. 36.

¹¹) omnig, 5555, Stet 5115555551.(155511555111155155 Prueso· Bran·
(15555551) 1155555551511. 5155551555 5515555551, (555555. 55
55551515, 55555155, 5151555155. 5. 55.

[1555515155. 1155555555 51555555555555155.]

¹¹) Necrolog. Helberstadense 5115555515 ox Neorologio Hildesienst ¹
6. 5555 6. 365. 115. 36.

¹⁴) calendarium capituli ecelesiae cathedralis Helbers tedienoie. 5555555.
15 0515. - 15 5. 65151555555 6555551. 5. 51511515. 55535551551551,
51515555. 5. 1555115, 1155555551. Seot. IX. Charton, Pline eto. Nr. 2.

1155155 55555 51155555551555 5555511 5. 770-1435, 55555155 150 51111155,
55. 551, 5515111 555555 5155515155 15555 515 5555551555555 5555155555
551155; 555 55515 151 1115555 35555555 555 5515555551555115111555
355 55555 5555155555 555 5555551515; 515 51555151 555 555 3555155555
51555 65155555; 5151551551555155 ,11115 55 55 55 5555 5555 51515 5551 55
55555 55 or 55 55515155 555 5555555555 551 5511 5555 5555555.1 1115655151
555 15. 35555555. 55555. 15 51115151 1111511515. 5. 55555555, 655551
115155.

11) (1111151555, Mart, 555 5155555555.) (robelinus continuatus 555 15 111551.
55111555 11555511, 51155 55555551551555 65555 5. 65515155 5. 5. 55.
5-1613). 55555. 15 5. 55511515555111511515. 5511155555. 6. 55155 5.

eggreggrgo„ 1580-1600 1555551 5151555 555 5515555151. 51555555

555555551515 555]
115515515515,1155551551,0555551555. 55555. eruturus, 51555111511515.

5. 51555515. 5515555. 551. 6. 60

 

