Lips. 1606. 4. (11111 111 111111 1111111111 11111. 111 1111111 1131101
1111111111. 1111 Ram, Notit. p 100 11. 3111111111 11111111111.

[mie 111111. ὕᾟί11111111 1. 960-1518, 1111111111 1111 b. 1111111111 1. 1111111 ’

1111, 1111111111 1111111111 1111111111111111111 111 1111111111 1. 1111111 1.

11111; 11111 gang 11111, 111 111111 1.11111111111; 1116 (11111111 1111111111
1111111111. 1111111 11111 11111 11111, 1111111111. 0111111111 Theatrum orbis
ffirffi &twega 111. 111 11111111 111111111111111111111111 611111

Ι11111.1111111111111111111111 (Dr. 111111 111 6111111111 1 1616), Annales
silesiae. 111111111111 1111111111111111111111131111111. 111 11111111 (11111
Runge, Notit. p. 1116). 1111. 1111111111, Epistol. 11111. 1. 1111111. IL 11.
Rungo 1. 11. ὓ. p.105 11.

[11. 1.. 1111111 111 (111111111111111111111111ἓξ1, 11. 1. 111 11111111.
(1111111111111111161111111,1116111111. 11111111ῧ1111111ι
111. 111191111111111 111 11111111 11111111. 111 (11111111 1131601]

11)·111111111111, Jacob 1111. 111 9111111111 1111; 1111111 111111 1. 6111111111
&ierat 111ῦ111111111111η † 1631, 63 3111 111. 1111111111311 1111111111.
litor. p. 34 11. 11. (1111111111 1111111111. 111. ὕ. 116. nm), 111111 11111
11111111 6111111111 Chronica 11111 1111111 1111111111111,11)111111111
111111111131111011111111.,11111111 1111111111 1111111. 311 111 111 111
16193111, 11 1111 1111 θ1111111111. 11111111111111 11111111 1111111111 11111
111111. 1111111111 1111111111111111111111 &amen 1111111111 1111111 11111111.
111111 111 11111 11111111111111111 11111111 1111111111. 1166. 111. 594. 111 Θ.)
31111. 31111111111111111111111 (1111111111 Qec: (11111 1111 311. 11111111
1111111111 1111 ς1111111111. 11611.) 1111. 11111 1 11111 1. 61111111. 111111.
6111111111 Miscellan. litter. 1111111. 111111. Fata Obronici 8111111111-
sinui. (p. 40-48.) 11. 11111111. 111111. hist. gent. Silesiac. 8111. 11. cap. l.
1. 4. 5. (p. 84-87.)

[111111 111. 111 1111111111111111111511111111 11. 111. 1116111111. 1111111.

111 1111111111 11. 11ἆ1111111111ῦ11111ἓ1111111 1111ῢ111. 111 11111. 111111

11111111-1111111 1111. 1111111. 111111111111111111111111111131111111
1111111111 11111 (Ξ11111111111111. -11111 ³: 11111 1111 1111111111111111. I-X.
311). 111 11111111111111. 1111 . 11111111111111ι 111. 1-1 [Θ. 15-611,

111111111111111 (111111. 11111 11111111111111ι 111 ,9-1011 1111111111
111111111111111111111111111.111111111111ῑ
111 1111111111. 11111111 11. ·
1111111111111111111111 u 1111111 11111111 111ἓ11111111111111. u. 11 1111 1111
111111. 1 111. 1111111111. 111111., 1. 11111111111111 6111). - 11111. 4:
1111111111.ι111111111111 1111111111. 1111 wei. 111 11111111111111-111.
(6.1-431 1111111111. 111 1111111111 &tante 11111111 1111. 8; 11111
111 11. 9; 111111 11.10; 9111111111 61η 311111 u. 1111111111
11.11; 1111111111 u. 111111 11.13; 1111111111. 1. 1111111111111 1111
11111111 11. 11; Dete 11.16; 1111111111 11.11; Dp 111111. 16· 1111111111
R. 19· 11111111 111. 1ο· 1111111111. 223 1. 111. 1111 1111111111. 11111111) 1.
111111111111111111111111.(11111111. 611111. 11111111-111.. (Q 1-43.
44-272.) 1111 3 11111111 111 Dav. Chytraeus 1111 11111 V., 1111111111 1.
111111111111111111ω11111. 11111111 1111 11111 1110111111 11111. 111 111
1111111111111111,111111 1111 11111 111 111111111 u. 11111 1111111 1111111.
311 11111 311111111111111111 11111811. 111111 1111110 11,1111 1111 01111111

1111111111111, 11. 1111111111111 1116111, 1.

 

