11111111111111 11111111. 111111 Comus 111 111.; 11111111
111 1. 1111111. 11111 1111 (1111 111 1131111111111111111111.
(1111111111. 111 111 1111111111 (11111. 6111111111 1111111 111 11111. 111111
11111111111111111, (111111 ’11111 1111111 11 11111111 311 11111 (pag. 111
u. 1131 11, 111111ὓ1111111111, 11111111 1111111111 111111 111111,
11111 111 (1111111 111111111111111111 1. 111 1111111111111111 11111»

1111111 111111, 111 111111 111 1111111111 1311111111 11111111, 11111 111111
11161 1111Ξ111111111Ῥ11Ῥ1111ε1οἳὶὶξζιοῶεηὲἒ1τ1ῗ1ῦ111α1ι. 1111111811 111111 ²53}
gen 1111111111 11111111 1111111111. 1111. Fuldaner³ B1o- 11 B1bhogr.

Sitlos. p'l’lbsss-mb‘ [geggeffugusbe 111 3811111111 {K 11311111111--113196 ἓ
111.Θὲ zSei gsisnffffogifit'zii (1141111111ῐ ’ Γ181111111111111111(;-11111111111111. 11111 ¹
111 11111111 11. 1. 111111 1111111 111111 11111111ς 1111111111
14111 Chronica 11 numerus Episcoporum wratislaviensium
31. 1. 1. 1111111111 111 11111111 1111111111 1.1011-1461; 1. (11111
11111111111111111111 1111111111111811111111111111610.
1111-1110. 111111 11111 111111 111 1. 8. 610 111111111111111. 1. 1131
-14111 1111 1111. 11. 1111111111. 1. 1111111 [11. 1. 1111. 111111(
11111111 1111 1. 111111, 11111111 111, 11111. IV. 1. 11111. 11.; 111. 1.
11111 111 1. svart 1V.; 111. 1113111111111111 111. 111 (1111111111. 1111
1111ὲ14161. 1111; 111. 1111111111111111 ; 11. 1. 1111111 1111111111
{nb 111. ἐξ. {bf 111111, 111111 111. 1111 1111111 1111 11111111111111
11111 111 11

&reolum 111. 1811 &communicativa 111 11. ς1111111111 11111 11111111.
11111111 111. 111 111 11. 1111111111 1. 1111111111 1469 111 111111. 1111111111
1111111111, 11111111 11111111111111111111. 111. 11111111111111, 11111
1111111111) 111111 111 111 11111111, 11111 11111111111111111 111 11111
11111111111111111111111111111111. 31ῗῖῗί
111111111111, 111111 &omnum (111111 111 13111, 1111111111111, 6111111111,
11111111, 1111111111111111111111111. 111. 11. 311 11111111. 11 11111) 111
1111. 111 111 (1111111111 1 1111; 1111 11111111 1111111111 11 11111111
(111111. (1111111111. 1111111111111111111. liter. 111111. 111-33.
1111111111 111. p. 99. 1111111111 1. 1ῡ. ,146-193. 11111111. Si-
111111. p. 111. p 64-97. 111. 4. Dan. 1111111111 1011 111111(111)111.11111
1. ,61111111 11111 111111.11111111; 1 1511.Ι 1111311 11111111. (11111
111111. 1111111111. &t 1. Rhonius‚ Eplstol. 111. 1111111. 11111111.
1. Memor. rer. Siloa. Rungii Notitia 111. p. 91 11.) Historia de
1111111111.811111111111111, im 1111111 11111111111111111111
1560 11111111) p. 98-113. 1115. 'Excerpta 11 Nic. Henelii ab

11131111 111. 11181111 111. 11111 1111111111 1.

11111111111111165610111111ο 11111111 Monsterbergensis 11
’1111111111 1111111111111111 notis 111111111111111111 necessariis 11111.
ἓ1111111111. 111111111; (1111111111 111111111111111111111111 1. 111
1111111111. 111111 111 1511· 1111111. 111111 b. S. 1111111111
1111111111 11111. 11111, 111 11111. [111. 1111. in 11111111
1111111111. 1. 1111 19) 1111 111111 11111111111111. 1111111111 1111111,
11111111 ,011111111111111111111111111111111111111
1111111111 1111111111111 1. 111111111111111111 11111111111
11111111 11111111 111 1111111111111“, 111 3. 1661111111111. 111
1. 3. 1581 11111111. 311111 1. (1111111111 in: 111111111111111.
mg &aegrotat 1111011ῗέἓῶ1 ξί1111111111 111ί 1111111111111111ἐ111111 111 11111·
1111111111111111111111111111οἯ1111ῗὲ1ἶὲ11ἶῖἕέἶὲἶέ

11111111. 111 1111. 111. 11111111111111111. 1111111111 11111111. 6. 8111111111 11111111111111.11111111
&modam 11111111. spectantium 1111111111111111111.1111111111111. 0111111111. 1111. 116-8.

 

