439

11101 0001 101 01101011110001111111 011111111110101011111,11111 0001
011 11111 (0111011111 u. 011 000111 100111101110110110110001011. ’00 111
0111110010 1110 00110 11111001 111111 ,1111111110 1011011 0. 0100111
11. 00. 011610011101110, 0110011, 01111111100111 1101111. 011.
611011 ’0 10111111. 6. 216 11,, 011100110 0111101101 0016. 217 111
1010110101011111111101111101 011 1110 1110011 1011111110 (0111011111011
0111111 0. 0. 01011. 6. 0111 10 0. 0111111110. 1025. 61. 30. 6103.)
6. 010-220. lx. 0111111111 011 61101 010011 011 1011111111
0111010 (011 1590100111 11011· 1 16501 0011110111111111 000111
0. 1010101111 1. 00111. 1650. 101111 101111. 0. 00 0010 0111111 000 20110
111; 011 1. 011. [6. 200-262] - 0110110101111111111 ,1010110001οί 1
0100111111 00 011 61101 1110010 10100011 01101 01111 10001111 &iumagu
111101110110011” -1011011010111111111 00. 011 00111100 01161001
1. 1111 11111111 6011111011 010 1011 6111011010 3010111111 0111110, 101
11111100. 011311101612-1000 101 21 6., 0011110 011 101111. 011
61001 010 1600 0011461111110111. (0111 011110110 11111111111100
0110111111 00. 000 61110101 111 0101111 0. 00610011 [01000011
011111, 011111, 00111, (0011111010, 01110010, 1011111,
1111101011 ,.101111, 31111101, 011111100101010011Ἂ1110011ι
0111, 611. 6110101111. 0111100111, 1001111111, 1110011
01100011] 1011101011ηο 11011110 0113111010301011.0111110 1. 6. 100
-262, 00. 011 1111101010 0101110110 0110000101 10 011 011110101111
0. 1111101. <01011110, 11011 00. 001 010 01111101101100110 1001101111 011
0101100111 0. 01011111 (0100011100 110111 111 011 1011011001, 01011
0101·011101100110111011011111010001010111

&amulo 011110111111111111111 1101011011 1110111. 0011011010

1 11111111.1)101101110101011100111001110000100011110
00111. 011 011 0111111 101111. 01161101 111111 0110111111. 11111 11111111
6111010110, 0111 011 11 1111 110111, 0111111011οε colonienses, 0111011
1111110110, 1111111111110 chronic„ 01111110 0111111110110
11101, 0111011101111001111111110,Α110.111010110110.,01101 ,010οε
111100, 01110110, 1011011110, 0111111011010011111101 mens„
111111. ab 111011, 10111 0011 111 1001 1116111110 010 010111010 00111
1111 10, 11011 aud) 1111 11110001. - 0112011. 0111011111. 0. 010011
[6. 263-2001 - 1111 011 0101111011 ,111111 0001 [10111 01101111 1011
110111 011 0011 0101111 100110110110111100611110101110111111110 111
11011 011 archivi Buthensis reliquiis, 01111110 westphaliae 0001 0101110
antiquitatum 0001101011101100110111111, cum insignium earundem, 1110
111111 0111111110110111κ - 1000111 010 10111011 01111111110, 111110 1010
11, 101110 0011001110(0110111111001161101. - 0110010Ι 6111 111
0111111110 0. 011111 1100000101 (0100111101 111111. 011111 0. 6011 011·
01101. - 30 011 2 0111111 01101010100110 (0110. 0. 010010 10111
1111 11111 3111, 011111111111111 01111, 011 ’10111 01111111 11018111111011,
010 1111011111111311111111110 0011 101 1111011001 011 61001 1110 1111
u. 1111 1001111111. im ,0111111 011611011101111011, 111101 010100
11011 [16141. 010011 11011.,1011111 01001101, 0110111 1110110111,
6100101111011110, 0111 0100111111 0. 1101111 0011000110 1. 011101ος
1 16641. 01111111 1110 111 0111111111100110110111101011110101111.
10 1. 0111 0111 11011110 0111111011010111. 011. 6110111 (0101111. 6. 221

-——·--—-—-

⁶ 01110 011 000 0111011 11011111 0111 01010111111010 3010111111 0111111 1110 1011 011111·
111111 111 ,0110111 1011011011 111 61101 011110. 1111011. 18110-01111 111110111011111
110 111 1011100111011 6110111011 111 1010111111 11100111 0101101010. 01111011 1111111111, ut·
1111 010 0101101111. mmmm 111111 1011111110 111 ducatum 1101101101 1111111111 11 1111111
1011101111110011101, 1101 non 1101101100 0101011111001111. numerum, 10011110 1010 unqu·

111 tunam 1010 001011010011111011. viderhem, 1001.

0

 

