1111114, 111111101111, 11111114ὓ1111111, Paulus 1111111111, Eamus
Stella, 1111141111 011111 111.1
„Sum 8111111ιὶ 8111111111·

111114141111111111 11114141 11111111 11111111 11111111 111411 ,0111141
dos profissen 11111 41111111 81411141 1111111411 mir 1111111111111111111
,111111111111 1111111111 1411111411 111 111411111411 1111111111 31111141
11111111 1114. Ao. 11111· 111111111111111111 1111 14114 1111111111 1.
Β11111111111111411.) 11. 1. (29³ 6. -119111 11. 1. (349 ὅ. 1. 1111-
1441.) 11. 1. (1411. 11. 1411. 1. 1411.) 11. 4. (114 6. 11411-11111
111111. 1111111. 11111141111111 141. 141. 147. 141. 111 141 1111111.
elbum). 3· 11111111. 111111111111411114 Scrlptor. Η11111. Prusa. p. 11.

[111111114111111111 111 14111 1111111111ἆ111111111114, 1111111 1141Ξ
1111111111111.11111...1111111111911
1111111111 111 11411.. gqtn„ [1111111111 11 1411111111 1111111411.
111. 1. 1111111111 2 411111 11111111 11111. 11111 ,1111 1114141111
141111141111111, 111 1413111111, Ἢ ξιιτῑέξιιὲῖιιάΰὲἑζ1ῐὲὲιτῖἑι1ᾗ1ἆ1ἐ
m 'ftfftffi gttmzwffibvr 14111111113114 1111311 11114 ssggettcu
?‘¹¹¹¹»⁶“*{ 1111311ῗέ1111111111111111111· (111111.
, 111 11 1 1 g ι
11111111,11111111111111
11’1.1111“ῗ11.11111ξ1111111ῗῖ111111111111111.111131
11111111411.” ,1111141111111111114 1.” ..111 1111111114111
breite! ..1111 1111411111 14141111 1111111 12.8111111111111.” ,mle
1111111111 141111111111141 11 1111111111111 1111.”” ,(1111 111111 11111141
&hiasi 1111111111111111111111111’1111111311ἐῖ
111 14 1111111111 111 111 11111111 141 1. 111111 1111 11111111.) 11111.

41111111 1111 114 1141111111 111 11411 1. 1114111411 111 ᾖ». 11111111

111111 141 11111111 141ὓ11411 11 114 111 1111111411111
111 1111111114 1111411. 11111 111 1111111111 1111111111 141111111111 11111.
11111111111111111111111
1111111111 ’111 1411. ’11111111 1111 1111111111. 11111, 1116111111
1411111111111 11 1111111111 1. ὲ1111111 111.11111141,111111111111111
&tabu (111111911111111111111Ἰ Θ. 111-1131, ,11111111111111411411131
1111 1111111111[1111111111Ἔῖ1111111111111111111ἲὲ11..1
111 111111111111111111111411 3¹¹ 111111111”; „lhstorin 111 411411 1111111
’11111111111111.1111111111111111
11111111111111141 11ῧ1111111111111111,111111 1141111111111111111111111,
11111 1111111 1111111114111111111111111 1311 11111111 141 1. ῧ11111ς

, Pmnle ’um Fudenci 11., Pnnlegmm 111 111111 411111111411111 1,
1111 1111111111· 1. 1. privilegium 1. 11111 1111111141 111 111111
11111111. 1. {t &bq 111 (1111111111 1111111111 11. Privileg. 1. 1233; Oq]

{a 141 1111111111 ε11111111 141 11111111 111 &nante 1111. - 111
1111.Κ1111111111111 ,3.1130 1191111111111111111 11111111
1. 111 111111 111111, 11 gang 1111414 1111111111, 1114 1111111411,
· 114111 1141111416111411111. 1114111111 111) 111111 111 11111111 111·

ἱ

1411111111111

 

