1111111111. 11111111. 111111. ς11111. 1111111111. im 11111111. 1111111. 115.
11Ξ1Ξ11Ξ11ζ11Ξ11Ξ, ῗέτέἐεῇᾱὺι 1111111111, 11. 1614. 1111. 111111111Ὲ1. 1111111111.
11. 1. ... tn ’1. §iiiiii {cffizaefcssf‘ ² · V·

ἕδη 1111111 1111111111 111111111111111111 11111 6111111111 1111111111 111 111

111111 61111111, 111 11111 11111 1113111 111111111111111111. 111]

⁸⁰) 111, J oannes, (61111111 111 1111111111, im 1111111111 111 11. 3111111111,
Historia Prussiss (4026) Sub. Auspiciis . . . Chr. in Stupow Scombclc‚
.. episcopi Varmicnsis 111. Nunc primum in lucem edita (504. 505-531.
6. 1111111111.) 11111111111116. 111. 1111.111111111’1111111111111
11111.1111111111 111 11111. 20. Q).

[31111111 1111 1118113111111111111111 8111111111 1111 1111 11111111111111
111 1111 1111111 111 ,16111 11111111 L. 1111111111 111111 1111111111 {proc

111111 11111113. 1636, cci 16. (6.1-101). 1111111111
torus dc Episc}[atu ct Episcopis Ecclesiae Varmisnsis. 1316.) Q 505-

131. - 11111. 1. 61-61.) 1111111 11161ὣ111111111111 111111111111
1111111 111 cicc 1.,11111111111 u. 1111111111, 1111111111 111 11111111 111111
111 11 611111 11111111, 111 1111111 111 11111 ς11111111, 111 1111. 61111,
111111111111111115111111111 111111. 1111 1111 1111111 16. 111 1111111111
111 1111111111 111 11111111. 611111 u. 111111 1111111111 111 11 1111111111
11111111111111111 ..1111111111(1111111111
1111111111 111611111111111, 11111111 1116-1431, 1111 111 1111111111 111
>Oriens 1111111111 111111111111111· 1111. 5 u. 6. (6.110-3141 111 (111111.
111 611111111111 111113111111111111 1. 1440-1411; 1111. 1. (6315,-
11111111111-111111111111111111111
1111111 111111 111 111 111111111111111111 11. 1. 1511-1521 (11111111,
1111111111 11. 111111111111 111 1111111111 11 1111111111 6. 111-4111
Qus-503 1113111 1111515-1616 (cui 1111 11111161111111. 1111
11111111 111 6111111111111 1111 1161611 65031. 111. 16111-36.
1111111111 1111111111) 111 111 1111111 11. 11161111111 1111111111.
111111, 111 111111113111, 11111111111111111 111 11111111111111 (1.1. 11111 L.
111111 11111 1111111111. clueo 1111 1515 1111111111 11111. 1111111 11111111
1111111111 §isica-{pungas 1111111111. 1111 111 1131111111δ 111111111111111111
111111, 111111. 11111 1111 1111111111
,11111111 u. 111 111,111 1111111111 111 111111111111111111111111,1111 111
(1111111111 111 11111 111111, 1111111111 11111 1111111 6111111111. 11111
11 11111111 (111.111611111111111111111, ub. 1111111. 11111111, 111. 1111
111 111111 111 1111111111, 11111 111 11111111 11111111111 11 11111111. 11111.)
ἓ. 131111 1111111111 mpetu 1111 1111111 (1111 111ξ111ὶ11111111111ῒ11ἱ3111111111ἶ
1111, 1111111111 11ῗὲ’1111111111111111111.111111
1111111111 1111 1111111111, 1111111111111 11111111111111111 1111111, 111
1111111111 111 1111111111, 1111 6111111111), 1111111111υῴ 111111 1111111
11111111111111. (111111111111 (1111111111 111 11111 1161111211111
11111 11111 111111 1111111,1111111111111 cui (1311111111 1111 111), 1111111
111 u. 11 111 (11111111, 6111111111, 111111 1111111111, ἓ

111, 111111 611111111111, 11111111 , 111111111111. ‘Die 6111111111
111111 L. 1111111 nuc 111 111111 1111111111 31111111 11111 (ic 1. 11. 111 111
1111111111 6111111111 1111111111. u. 1111111111111111111,111 (1111111111

11111, Dicte,

 

