m

1111111 11131111 1111111111 11111, 11111111 11111 1111111111 1111111,
11111 (11 11111111 1111 11111111, 1111111111 1118111111. 31111111(
1111Β1111111 111 111 1111111111 (111(11111111111111.’ 11111111 2. 111111
1111111111 gaug 11111111 11111, 1111 111 1111111111. 1111253 111, 111
111 111 611111 1111111111 „Anno 1596. 811111111111111111. Romus!
1111111 - 31 111. 1111111. Fol. 211. 111 11111 11111. 111111111111111111
zita, 1111111 1111111 Θ 17 11111111 1111111 11111111111111 1. 11111111
,1111 11111111 1111111111 1111111 11111111 tiu 1111111111. (11111, 11 1111
111 111 111111. 1111 Q 111-958 (1111111 1111111111. 1111111111 Ε. 959-1111)
1111111, 111 1111111111 ,1111111111 1111111111, 1111111111Ρ1ι111111. 1111
1111111111εῷὶῇ11111, mmmmm, 111 111111 11111111111111111111. 111 Col-
lectione Hanusoriptor. (111. (11111. (11 1111111111 [11 11111 111111 11111 111
1111111. (11111. 111111 1. ,1111 111 111 1111111111 113. 115116. 1-21.
2. ,1111 11111111 Privilegien (1111111111 und 1111111 in Preussen durch
Kt'mig sigismundum, 1111111111 allergnidigston Herm confirmiret 1111111111
11111 1111111111 1111111. Θ. 13-17, 3. ‚Principal 1111111 1111111111 1111
1111111111 011111 1111 nicht mag 1111111111111 111 Lande Pomerellen 01111111
1.11111111111111111Ι.1111.“ Q 51-63. 4. ‚Saokow‘ (111. 111 1111 9111111
&udan 111111111111 1111111111111111111111ς 1111111111. 111111.) &eti-67]

31 111. Bor. Fol. 155 (161 111 11. 311 Q), 111 1111111 111
11111 1111111 1111 111 111, 111 11111111 111 111. (11111 1111111111 111,
11111111, 11111111 111) 1111111111 111 (11111111111111)1111111111111111111,
1. 111 111 1111111111 111111111111111 111111111111111 111 Documenta (111
111111111.1111,111 111 111. 11111111 bath 111 &dmg (1111 111 1111111
,11111 111111 11111111) Θ. 317: „Verzoichnus 1111111111 Puncten so ich mit
111111 11111111· 1111515-1117. (1.1. 111 4111111111 1111111111. ὓ111111
turgt 1111111111 fiber 111 1111111111 1111111 171111111111 1. 1. &giemum
1111111 u. 111111 111111111111111111 31 11111111,(111111,111111111111,
1111111111( 111 111111 &tmen 111 1111111111· 1561) Ξ. 311-311. 1111111
sonunt 111 1111111111 1. uad) 1111111111 ,1131111111 Beschreibunge 11111 gtutz
gruntlichen 1111811111 Dantzigk 8111111(111113111111111111111111111 1111
weisselmfinde genunt, balagerung gautz 1111111111111 111111111111111,
1111111 alle tage Zugetragen 111, 11111 ihu scharmfitzoln bogebon 111,
durch einen alten Kriegsman gestellet, 11111 1111111111 21111111 (111311,
1111111111 d. 1111111111111 nioben vnd siobentzigsten Jharof (1111.)
(1111161. 11( 1111 111111 111111 (1 &J 111111 1111111111111111 1111
11111 11111111. (1. i. 1111 [urge 11111111. u. 111111. 11111111 1111 11111111
ὓ111111111ιις 11111 ,11111111 1111111111 1111111111111111 ,11111
Bab! 111 11111111 11111111, 1111111 111 1111111 1111111111.Ι ,1111111111 111
1111111111] ..1111 1111111111 11111111· 1111 11111111 11111111 111 ,1111
11111 111111 111 111 11111 1111 1111111111,11111 111111111111111
&elien 11111111 1111111111 111111 111 111111111111 1111111111 (111,
111 1111111111 1111111111111111 1111111111 111111. 11111111 111111.)

[wie 11111 1111111111 111 3. ἲς. 1521 11111111 3111111 mit 11111111111
111111111111111 11111. u. 11111111111111 1111 1111111111 nr

 

