6666 6. 366 66646. 66 I 6666616666ιί Gaul unitnohonstein.
66666666666166 666666 6666666666 66 66666.6.6666;66666
666 Landgnv. Thur. 6.Ρί666166666. 66666. ' .6.6. From&

6666666666666666. antummum. 6666661616
’1. 65. 66.

¹) Annales 0666666666666666 ab 0. 6.-1065. (6666 6666 6666666666
6666666, abet 6666 666 6666666666 mammen 666 66616666666666666.
lintburg. 666. 6666666666, 6666666666 (6666666666 86. 3. Q w. 66
6666 6. 6666666166. I. 666666 6666666 6666666666. II. Q 636-640. 6. 6666
Q 344 fg.) 66 Portu uon. 66. V. p. 66-90 (666666 Idm 66 66666.
666. rer. ansv. Bb. 11. 6676-696. ιι. eum chronogr. Suono 66666666
6. Mencken 6. 6. Σ). 666. 666. Nr. vm. p. 169-906.)

¹) ‚Chronieon QuodIInburgense... Iohannis WInnIgutadii (61666
66. 1669) 6666 Iohannis (6666666, 6666666 666 666 666 3666 1300
6666666666 6666666· 6. 6666 (666. 6666 Q 333. 666. 6) ΙΠ. 6. 479-666.
6666. ubet Q 666.

[6666 66666666. 666666 (66666 m 666 66666 666 6666666666 6666 6666ς
6666 66 666 6666ι666, 666 666 66666 666 666. 66666666 ὃ16666 666 utut
66666 666666, HI 666666 6666 666666 eim? 666 66666 6666666

666 666666 66 66 66666666 6666666666 6666666666 6 66666666

6666666 666. Iud> 666 &mene 6666 666 6666666. 66 31615 ὓ6666666666.

6666 Winnigstadii chron. Η616666666,666666 666 666666 6666666666
66 abet 666 iethet 66666666 6666 6666666666. - 366666 6. 6. 479-463
6. 666 66666 6666666666 (ihre 6666, 66666666 666 66666666, (66666

6666 666 66666666 6. mern, 6666666 666 66666, 6666 66666666 666 666

6666 8666ἓ666 6. 66666666 666 6666166666666666 666 6 ,6. Q 433-666
66. 666 κ. 1500-1601 6. blo-522 16 Q 666 6666666666 666 6666666
6666 6. ὓ6666666. 666 666 666666 6666661. 66661666 66 666 666 {phe

666 6666666. 66666 111. 66 3. 1001, 66 666 6666, 666 666 jebet 666666ιῇ6

66 6 6666 Iber 66666, 66666 6666666666 u. 6666 6666666666, 6666666 ³¹¹²

gud) 6666 6666 666 6666666 16666666666666 66666666. 6666666666 6.
ιτ 66666 6366666666. 6666666666 6661666666 666 666. 66666666 666

66666666, 66666666 fib. 6666 μ6. 6666 66, 6666666666, 666666 66 6.

(6666666, (666666 666 6. 66666666, 6666666666 6661666 66, 6666666 6.

6666666666, ub: 66 6666666666 666666 666 66666, thre · 666 6666666 6.

(6666666666ι ub. 6666666666666666 666 66666666 6ιί6 666. 6666666 u. 666

666 66666, ub. 666 6666666666 6666666666 666 6666666 66 66666666,

fib. 666 66666666 6666666666 36666666666666 666 6666166, 666. (66666666 6.

6666666666, 6661666 ersten QetbteItet 666 666666666666 6666636, fib. 61666

6666 6666666666 66666666, 6666 66. 666 66616) 666666 6. eminet 666

66661666 6666666, 66. IIII, 66666 6666666666ιί6, 66666666, 1166666666

666666, 66666666666666666,

66 6666666666. 6666666 6666666666 66666. 66666 666661 tumet 66666 666 666

1166666666 61631649 6 493 fg.. 666 &ebbe mit 6666 t 6. 6666666666

6. 666666 6666666666 666 66631367 Q. 501 66, 666 666 6Ρ666 666 66666

Im &1539 6. 614 6., 666666 66 6666666666 61666666 SI 66666 6. 66666

u. 666 6666666661666 666 stit 6 66 2 6666666666 666666 66666666

Quare ethIst. Iapetum sgnben 66 66666666 666666666666. 666666

6666666666. 666 bamb. 6666666666 6. ς6666666666, 6666666666

66666, 66666666 6. 6. 6666666 6666666 6 66666 6666 6666 6666666666

 

