173 a

11111111 11111 1111111111 11111 11111 Ι. 11 ῖς. 15323 111 11 11 &cite 111
3 111111 11111111 112 ἓ

1111 1111 11 ,13411336
ιι. 1543, 1. 111 11111111 311111 111 1114311511. 11111 111 .
111111. 11111111). 11111 3. 111111 111111 111111 111 111 311111 111
311111111111111111111.)
1111111111.1111.11111111ι111111111111. 1. 3111111111, 1111111111 1. Chro-
nicon Pomoraniae 'rhomae Kantzovii ἐν 11111ρά1111 (1. i. bie
ῢι11111111111 1111111111 1111111111111111 (111. 6. b. 11111111 3. 111
Pomeranorum Regione 11111111 111. Petr. Chelopoeo 1571. (J. 111

(1111111111 Nr. 33.)

’111131111Ὲοὶ. 133 (11111 11111.) 111 1111111111. 1111111111. 1. 1111111.
11111111.,11111111111111111111111111111111111111111111·
(1111111111 1. 1111 1111111111, 133111. 11111.) 1.1. 111 31111 111
111. 311111111111111111111 111 111 11111111111111 11ι 11531
3. ,1111 1111111 11111 53111. 111 111. 11111111. 1111111111311.
111331 3. (1111. 1. 1111111111) 61111111111111131111111111 (47 Q)
Θ. 111. 1111111111 11133. 11111111611111 (1111111) 1111 111311
1111111111111111111111115110 ιι. 111 111 1111111111 111 1111111111
111111111111111111111111, ιι. 1111111 1111 1ῧ. 1111111.) 11. 1111. 1111
1111111111.

’11 11111111. 11111. ι1111111111. 1. 111111, im 1111111 111 11111111 (111111.
3, 416. 11111113111111111113111111 1111111111, 11111 1111111. 11111111
1111311111111111111311111 111111111111111111 1111111

11 1111. 11111111 111 111

ἒ1111δ, 1111 111111. 3111111 1111111111111 1111111111 111, ent:
11111.

11ἕαιζὴξ11111ι11ὴ111136. mg {er 11111ῗὶ. 1ἒί111ὶὲ11. 1Ᾰ111111111 1111111 1111.)
2 . 11οΠ HL& lc 83 ‚ Pl me nna um omotaulae
1-1143), 111111 11113111, 1. 1. 1111. 1. 11111111 Nr. 36.; 3. 1116111111
baum 1111111111. 1111111 11 &h 3. catalogus (33) Episcoporum Ca-
minensium nsque ad 1111111111 huius nominis secundum etc. (111111
(1111111111) 111 3 Θ. (1111.1.1.ῦ.); 4. Descriptio Ροιιιοτιιιιίιο,
111111 11111111111111, 111 31161 1. Vita Philippi I. († 1560),
111111 11111111111111111. 1111 1. 1. Q. - 6. „Stamlinie und Genea·
1111131111111111 11111111111111311111111113111111111111
111111, 1111 11 1111111 111 11115333111111111111111113111111111
111311111111 111111111111111111111111 111111 111 31 Pinno 3111
111111131ι3111111111111111 111111 1113. 1311 111111 Anonymo 1111
111 111 1111603311131111111111.“ 1311 Q.) 1111111111111111111 111
3111111111 (1111111111, 111611111111111111111111111 111 11111111
11111111 1111111111, 1111 3111111 111 11111111. 1111111111, 1.
11111 1111118111111111 111 1603. 1111. Nr. 33.)

¹¹) 11111111. 111111. 11 111 111. 111111111111111111. 11Θ1111111 ,11111111 ⁴
111111 1. (1111111111 111 11111111 111 1111 1111111,1111111111 11111
Phil. westphalum 1. 1111111111. 11. 1517. 1. 31. 11113Ι &1-84.

1111. 111. 31. - 1111 3. 111 111 3111111111 1111111111 debr

 

