111111 1. 11111111. 1. 11711 1111111111 1118 1111111. 101ος 11111111
111311 1111111111 1111111111111111 1111 .111111111111111111
111111 11111 meanz} 1111111111111 111 111 &dm 1110 nt 01 n.
111111111111111111111111311111111
111111 1111111 111 1111111111 1110 nt. 71· 1111 11111111 111 1111 111
11. 1111111111 ¹49³3 1111111111 1. 1111111111 1111111. 11111 111
1311111111. 1111131111 (fnit ln Q). Ιι1111111111ἱῗ gtffissofffigss
1110113ιῖῗῖ ”Btffetmfitffjuffflffifnffi {m mm. 1111 11 11111.
111Θῇ 111. 11111111 1111111, 1111 111 11111111111111001,11111111
1111 1110, 111111111111 1111, 1111,11101.1111,611111111111111
11111111 1111.111111111111111111111
1111111111 11111118111111111 111 11 ,(1111 11111 1. 1111 1111
111 1111111111). 1111111111 11111 1111 11111εᾶ1111 (11 Q, a? gei 1111111
ξέζᾱζῗῖ &mem ,Φ {ffiffffifzssmfflssffifm 1. ‘affl
11111 1111111111 111 111111. (111111. 8 1101 (111. 1111111111. 01-
11111111ΪΒ 3ῖεῖᾒῆ 171), 111111 11111 911111 1111 1111 3111111 111111. urb.
1. chronicon westhosfio-uulhorianum. 1. 1. 3111111 111111 1. 61.
1111601. 11111111. (100 Ι111.) 11111.611111111.1.ὒ. &Ao-12.
99. 1111111111111.1.ὒ. 111111111111111111. &cibem
“· [αᾱξ11ῗ11ῗζ4111 1111 1111111. 11111111 1111 1111111111. 1111111111, 1111111
11111 u. 111 1101 1111111111 11111. 111 111111111111111111 1111111
1111111, wiebtitbflsseftgofr († 1111 11 11111111). 111111 111111.. 111
(1111111111 111 1111111, 111 11111 1111111111 1. 111 1111111111 11 Β111,
nebit 1111111111 111 111111111111111111111 1111111111 11111111, 1111-
1Ὁ11111ἑέ11111, 1111 111. 111 (1111111111 u. 111111 1111111111111 111 111111
7)1)1111111, 1111111111, 11. 111111, 11111111 chronicon, 1. 1. 11111111.
11111111 11111111111111 1111111111. (111.) 1111111111. 111. 1111111111
1. 1. ὓ. Q. 111. u. Qeibetss 1. w. Q 111.

QeIIer. ⁸) „Dotmari 1111111ῐὶ supplementum Chronici Tremonien·
sium in epitomen redactum per Cornelium Move!¹ 1. 1111111111 111
Qt. 111111.- 1610. 11111111. 1111. 1. Qteintn 111 1111111111 111111·
11111111 11111111. 111 Qtiftfl 1111111111. 1111111111 1. 113. Q 111 1.
11111 11111. Nr. 1. Q 116-111.

[1111111 11111111 1111111 111111111111111 11111111111 1111111111 werra]

ο)Διιι11111Τ111110111111111 (11111111) 1. 13111111111111 1. (151. 111 1611.

1111111111. 111111. 111111111111 1111 9111111111. 1111111111 1. 1. ὓ. u.
1111111111 1153. 171131.

[(1111 1111 1111111111 1111111111 1. 1111111111 (1111111111. 16113 111111
111 11111111111111, 11111111111111 11111111111,1111 111 1111111111, 1111
1111111111 11111111 1111111. 1113111111 111111111111111· ’11111111
111 1111111111 111111111111111 1. 1611 111 1181 1111111111. 1111
611111 11111 11 11111111111111

89, 1111111111. 1111111111 1111 ffltfilzebte'te wat? &3112 ,bs θ’ 1388 η’

 

