949

99. 99 fg. 105 fg. 10911111. 111. 144. 1501111111. 6111111111
11. 311111 811111, 111 111. XIII. 1. 61111
11. IV. Q 1· 1111111 11111. 11. 1. 6111111111. 11. 4. 6111.
1111111111111 ξ111111111111111111.

11111. (15. 143. 154. 181.

139. 111-15111111 (Insanit . 111. 1493 1111111. Q 1141.
156111118159160175. 180 fg. [1111111111 111111 111 111111 g.
9. 1111111111 1611 111 9. 1111111111] 115-118 [1. 11111 1111111111
, 1111111111.; ἲς. 11. 11111111 6111111 111111]; 11111 Q114.115. 168.
111,111-111; 11111 31111 Q 111. 111. 111, 115 fg. 1111111
utria) Q. 111116. 1111. 6. 117-140 111 1111111. 1111111111 111111
11111 13 1111111111. 11111111, 9. 61111111. I. 11110 111 1111111111, 111111
111111116111111111. 111161111111111 1. 6111111111 111. 11111111
1111111111111 1.11111116111111111111111111111 11111. 1. 6. 161; 1. 11111
111 0. (11111111 1111111. Q 37 111 6111111111 1. 6111111 11111111.
Q 107 11.; 6111111111011111111. 1. 6111111111 1111. IV. Q 56;
11111111 9. 9. Q 11111. ibid. Q. 123); 111. 111 1111116111 111111 6111111
§Iulianum (1111111111 1. 0. 1.), 11111111. 11111 1111111111 111111. II.
. 11), ub. 9. 11111 611111 ι. 11111 (111. 1. Q 11 fg. 52), 11·
11111 111111. Ι. 6. 96), 11111111 (vd). I. Q. 511, 6111111 11111. Ι. Q. 35 11),
1111111111 111 1111 1111111111 1111111111 1111 11110111111, 111. 1.
11111 1111111 11 1. 11111 11111111 , 1. 1111 1. 11111111 111111 Qu·
{1915 ub. 1. (1111 1. 6101111) 11111 1.1111111111,611111,11111111111
1.1111111111.111’111111111111
111111 6111111ᾗ 1111. 1. 6. 40; ί11111111 31¹> 61111111 ε1661111111ι 1111). 6111109,
gmegimelngn 1. 11111111 1469 111. 6. 114, 111. (1111111 16111119
11111.11,11111111111.111-,11111
11111111111111111·11111111.1111
Q 8511. 111. 1111 111611111111111 111
11161551· 111. 111 1111111111111111111111 6111111; 111. 11111111
11111111 1 1 ..11 1111. 3. 6. 90. 1781 . 1.1.1,111111111111111 111111 1111116
1111111 ,111116 111 11111111 1111111 1111 11111· 111. 1. 61111111 11111
1111111111. 631111111ιὲ 1. 11111 1111111111 1111111111, 11111 11111
11111111....11111111111111·1111
111116 1. 6111111 11111. 4. 6. 106 111, 11111 111111 111 11111 1111111111
1. 6111111111111 1111111111,111111 111. 1111111111 1. 6111111111111111
Huiffisssibsz ἑῶυ, 111. gsstgftwssw 611111ἓῇ 11611Ξ6ῇ 61 11ὲέ ί111
1111, 111111. 11111, 11ἓῖ111111ιῖ, 610111εὲ11ιῖιῖ ιῘ.“1Ῐ 111ῗὲ111111ἷῖ
611111 11111111 1111111111111111111 (Q 6111111111111111. ; 111.
111111111111111111111111111111 1111111111111 11611111111 111.
6. 81· 1. ⁵ 1111 9. 61111111 111. . 86; 1. 111 11 11111111. Q. 11411.;
9. 1. 1111111111 1111111111 61111111 1111111111 111. 4. 6. 19; 9. 1. 11111,
1116111 11111 1111. 3. Q. 98 111 111. (111111 1. 1111 111. 6.180;
9. 9. 6111111111 1111111 6111111111 11111 1111 11111111 111111 6154 1.;
1. 11111111111111111 3. 6111111 1111. 3. 6. 41; 9. 9. 1111111111. 111
111111 11111 1111111111 1617 11111. 4. Q 207-2093 9. 1. 6111111 11111
1111111111 1618 111. Q 109; 9. 1111111111111111111 (1111111111 11111
9. 1. 1111111111. 611111 1111. 1. Q 51: 1161111 11111 1111111111.
Q.101· 1111111111. 111 111. 6. 80; 1. 111111 111111 . 111111 111. -
Q. 71 11.; 1. 1. 1111111111 (11111111 11 6111111. 11811. 3. 6. 11 1.· 1. 1.
1111111 1. 1111111111 1111. 1. Q. 99; 9. 1. 611111 1111111 11 1111

111. 9. 919 1161111111

 

