185

1111 111 111111 11 131111 1195· fib. 6111111 111111. 1111111111111 111
11111 ιι. 111 161111 1 6. 6 55-69. ,1111111 1111111 111. 111
1111111 1113141111 111111111111 111111111 1. 111111111111111111
1459. 6. 60-63. ,1111111111 1111111111 111 61111111ιί 1111111111
1111111 611111 1111111111. ιι. 111111 1111111111 111 311 (11111111 111
1111 1. 1111111111 11111 11111 11 111 111111 1111111
,1111111111 11 1111111 111111111111111. 111111 611111 -1114, 6. 64. 61.
111111 111 111111111111111111 1111. 51111 61111 111. 1464. 6. 65-61.
111. 1111111111. 1 ιιιο), 11 11111. († 11111111111111.
g 14153, 1111111 1111. (11419), . 1111111111. 3111181111111 XL,
Υ1111 1111111111·111711111111Ῐ““111 11111111ἣὲ1
11 1111. ,1111 11111 1111· 11111111111111111111111111111
loqu 111111 11 ,46ι ,1111 gu 11311111111111111111111111113311
111111111111111 1. 111 11 111111111111116111111111 111 11111111 e·
111111, 111 1111111111111115111, 111 1111 111 1111111111. 1111111111. 26;
1111111 ,111111 ιιι 111 111. 1111111. 1111111.) 8111111111111 11111111·
111, 11111111 1. 11111111 111 111111111111111111111111111111111111
111 1111111311 „Anno 1550.'¹ 11111 111111 111111 1111111 6151

Philippus l. 1111 Ao. 1550, 111111111111111111111 ¹¹3 1131111 1111
6. 11. 111. 111111 111 1111111111, 111 (1111111111 111111 XI , 11
S. 1560 11111111. ιι. 1. 1111111111. 1111111111 11111111 611. 111
1. 1112 ..111111 8111111111 1 1 16111131111 11111. 1111101111. 26.)
1511111111 11111· 1111 1 1111111111111111111111111111111111111.
- 11111111 1111111111 111 11. (1111111111 11 1111111111
111 111111111111 1. 111. 11111,1ι11 1111111111 1111111111111

1111 Ι. 6. 63. 64.

1. 1. 1111111111. 11. 11113, 111. 111111111116. 16. 111-198) 11111

11111111, 111 11111 11 111 11 (1111 1116111111. ιι. 1111111 1. 1111111.
11 1111111111 ,11111 6111111111,1111113Ρο111131111113311 111 ciaet
61 11 1111111 111 wolgast 11111 1111111. 611 111111 11111. 1111111.
11111111 11111111) 1111 1111 11111111 111111 111111111111111,1111111
11111 11111111111111 11. 61 11111111. Bor. Pol. 111. 111. 3. 111 111
1. 111111). 11111111111111 ,111111111111111111111 11111 11111 1111111111
{Re 11111111 11111111 111 11111111 1111111111 1116111111111” (111111
111111111111111111. 111111111111111111. 1111111111
(111 111 111111). 11., 111111) 111111 111) 111. 1. 11.. 11 1111111 6. 71:
”Ἁ“111ῖ11111111”11111111111011111111111ῇέ111·111ἔὲ
1111 ιι. 1311111111. 1. 11. im 1111123. 111. 111 111 111
1111151118112111,“1ἷῖ11“11ιὲ111”,“1”11111,11111111111111111111911
1111111111ἓέ111111111111111111311111111-111111.
8111111. 193. 11111611. 111 1. 11131111. 11111111 11111111 1131111111
11111,ᾙῇιὲΞῇἱ1α11111ῶξε1ῠε1111111 effi) ‘t ιι1111191ιί1 Qu& ηἷὲοέῧῗιοω 111
11111311 3111111ῗῃ111111131111111111 11111111 111111. 111. 111111).
11 ,111 111 1111111. 11. 111111 11111, 111) 11111 1111111. 11. 1ι1 11111
1111116111111 1. ῖς. 1991, 111 1111111111 fehlt: „F1n1ta 1111111
describendo Genealogia anno Salutls nostrae 1.6.0.3. die 29 Martij.“
1111111111(1111111111111111111111111111111111 ‘
11111111. 111ῗ1611ιι1, 11111111. 11111111 1560, 111111) 1111111111)
16. 111111. 11. 111 1111 111 1. 111111 1111111 1591. - 31 1111111.

A

ι11. 11.

 

