. -.
ὼ..

82

¹¹) 1111 8111111111 111 01111111 11111 1313 11111111 111 11111111. 111111,
3111111111 1111111 1. 11111, 31111111 1. 111 1111111 111 ὒ11111
„Epitome gestorum Ρ111111, 1111111 11111111 11111. 1111111111, 111
ὓ1111111 1111111111. 111 1111111 11111111 111111. 1111111· 11 1.
1111111111111111111111111111.11181111.1153.111.4.Θ27-44.
140—153. 11. 1104-13033 1111111111111111 111 11111111. 11111111, 111
11 111111 1111111111 11 ς1111111 11111, 11111111111111.) 1111 11111111. 11
1111. 111113111111111119. (sol. 111-11, 11111 111 22 inlinitum,
11111 1111 114 ὓ111111 1111111 1111, 11 1111111111 111 14. 31111, 111
111 1111111.11111111111 a. 1111111111. 1111 1111 111111 111 11111111. 111111
„epitome gestorum Prussie“, 11111 1111 {este 1111 111 1111111 11111
,Chronicon brevissimum rerum ecclesiasticarum a nato Christo.“ 111111.
111111 1.1.ὓ. Θ16-18.

[111111 11111 1111111111 111Θ1111111 1. &tante 1111111111, 1111111
11111111 111111111111 111ὓ11111 ιι. 1111111 1111 1111111111161111
1111, 111 1111 11111 1111111111 111 111111 111 11111111 1. 111
1111111111 11111111111111111 11111111 13111111111111111111 111
611111111111111, 11111 11111111. 111 11111111111111 1111 11111 1111

111 1111111111Σ111111 111 ῦ11111 1111111111. 11111111 111 gum

,1300 u. 11111111111111111111 1111 1111111111111111 1111111111
111 1338111 111111111111331. 1111111111 11111111 11111111. 11111
11111 1111111, 1111111111. 111111. 111. 11. &t 1111111111111, 1111 11
111111111111 11111111. 11111111111111 111111 1111131111111, 1111111
11111 111 111111 1111111111-31111111 111111 11111111 111 111 111111.
1111111111111111111, 111111111111111 1. 111 11111111, 111111 111. 111
&nobe 1111111 1. 3. 11783 1111111 111 1192111111111111111111,
1111 111111. 1111111111111 131111111111 111 111 1111111111 1111111 111
1111111, 111111111111111111111 111 111111, 131111 mit 1118111 11111
11111111 11111111098-1117; 1111, 1111111 113111111111111111111

· 11. 111 1111. 1111111111 1. 1111111111. 111111111111111 1. 11111111, 1111
1111111111 111 11111111. 111111, 111111 111 1. 11111 11 1111111 111
11111, mit 111311111111(111111111111111 1231 1. 1337; 1111111 111
111111 1111111111111, 111 1. 1111111 mit 1111111 1113111 11111 111111,
111 1351, 111 111111111111111111111,1111 1111 11111111. 11111 111111
11111111111111111 1111311111 11111. 111.Ι 12511. 1331, 111111 1111
1111, 111111 111111111111; 1111111 11111111111111111 111 11111 11
1111111111, 111. 1137 1, 1331; 1111111111111111111111111111111 111 Dr:
1111 11 ς111.,1111111ι11111 111 1111111,1.11111111111 111 11111311-
1331. 1. 111111 111 111 3.13119-1311, 1111 11111 111111 11111 1336·
111111 (1111111 111111 (11111. 1111111111 11111111 111. 1113 1. 13111

u) *vyygazt vonnmgbggpvb: ἵκταςϊωῶξὲῐᾜ fta? 1101111ἓῦ1 ntur ebinfady
,111111111111111 , gn 11111111
111. (111111, 11111111 14091111111111 1. 3111111111, 11111 111111 1311
111 1111111 111 1111111111 1. 111 1111111 1111111111, 111111 1111111111
111111111111111111111 111 θ11111. 111111. 11. 11111111111111 11 1.
111111 111111. 111111111111. 1111111111. 1815. 111, 1. ὦ. 31 fg.) 11111,
111 111 111111 1111111 111 11111 (111611611761711. 131.) 111111111

Δ 8111111111, 11111111111111111 111111111111111111 1111111 gu 111 11
111111 (11111111111111 1111111111, 1. 111111 111 1111111111 111111. 111111ς

Ἲυ1111111111111111111111111.1111.,1111111111111111111 111

 

