83

ὒ11111. 3111111111111111111 111 1111111111 12111111 1111111111111
6111111111 1111111111. 1,,11111. 111 11111 1ἶ11111111 111111111111111 Historiam
(Ρο111111).)11111111111 1. 3. 1393 111 1111111111111111 11111 11111 11111111
1111111111Ι 81111Βοιι11111ι.) 1111. (5.. 5. 11111 ,111111 1111 (1111111 111
9111111εηῦ11111111111111 1111 11111111 111 1111111111. 11111111 fiber
11111 1111111 11111111 11111111 nuent 1111 1111111111. 1. 111111. 1111111111

1111111111” 11 111111111111111111111 1111111111. 111. 6. 1114. 1111-
106. (11111111111 111111111111 1111111111111111111 ιι. 11111111111111111111.
1111 111111 1111111 aad) 11111.) 1. 111111 1. (ab. Θ. 28-35.

11111 111 111 11414 111 1311111111111 111 1111111111 1111111111,
111111 11111 1111111111 1111111111 111111ίὶ111 1111111111 111 11111111 1111111
1111111 111111.,111 1111111111111111111 1111111111 11111111111111111 1, 11111
ῧ1111111111111 1111111111, 1111 111 11111111 11111111111111111111111111111,
1111111111111111 1. 1111111111, 1111111111 1111 1111118111111 11 1111111111
11111111. 1111111111 1111111111 1. 11111111, 111111 11111 1111 1111111
111111111111111111111111111 11111111111111111, 11111111 1111111111. 111
611. min 1. 1111111111 (11111111111111111 B. 28. 1111. 111119-303.
11111. 1111 Nr. 1.) 1111111111 „cronica nova prutenica sc. in
multis superfluis verbis decisa“ 111111 11111111 11111111.) 11111 1111111
161111111311111. 111311. 11111111111 11 111 11111111. 111 111111
111 ,1111 1111 111111. (11111111, 1111 111 11111111111111 111111111111111111.
8111111 (1.1.1111111111111τι111111. 11 111111) 1111111 111111111111. 1111
1111111111 Chronica nova prutenica 1111111111, 11111111 111111 zita:

,Chronicon seu Annales Wigandi Marburgensis Equitis 11 Fratris
Ordinis Teutonici. Primum ediderunt 1ο. Voigt 11 Ed. eom. Raczyziski.
Polonico 11 latino. Posnaniae (Leipz.)1843.· 4. (3111, 111111111381ῧ.
111 111111. 111111111111 1111111, 111. 1111111111 Q) -
1111 111111111111111 11111. (1116111111 111 1111111 1331; 1111111 111
11111111 ς1111111 1333; 1111111111 1111111111 111111 1362; 11111111111111
11111111. 11111ιὶ11 1. 1111111111), 111 11111111 11111111 1111111111
11 1. 1111111111 1. 111111 1111111111. 1114. 31. 1. Θ. 474-411. 411 fg.
480-488. 489-491.

[W. 1111111 1111 1111111111 111111111111111 111 ’11111 1311 1. 11111
1111 111 1111111111 1113. 1394, 1111111111 1111 111 (1111111111 111 1111·
11111ὓ1111111111111 1113111111111 1111111111 11111111 1. 111111 1111 11111
3111111. 11111111 14. 31111111.) 11111 11111 111111. 11111111111111111
11111111 111 111111 11111 111; 111111111111 1111 111 111111 Z 111 111
1131111111. 111 (11111111 11 1111111111 1. 11111. 1111111111 1111,
111111 1111111 31111111 111111111111 1111 1111 1111136011111111
1111111111 11111 1111 111 11111 1118011311111111111111 11111111 ιι.
11111111 111 11, 1111111111. 11ῧ1111111ι 311331 11-111111111111111111
1111111111 111111111111111.’ 111111111111111111 111111 11111111 1 11111
1111 11111111 1113. 1381, 1111 111 111 11111111 111 11111111 11).-
11111 1111 1111111111 111 1.ὓ11111,1ι1111111111 1111 111111 1111111111
11111 1111 1111111. 1111111111 1. 31111111, 111111 11111111 1111111111
1

11111,11111”ι1111111 1. 1111 11111111 1111111111, 1111111111 1111111
1111 11111 1111111111 111 (1111111111 1111111111, 11111111 ιι. 1111111Ϋ
11111 3111. Die (1111111, 111111 11111 111111 1111111111 111 1111111ῦ

6

 

