ι -
“ . Q

,1111117 1111111111 1111111 1111111111 1111111111 1111111 1111111 1111111111
1111 ι11111111 1111 111111 u. 1. 11..1 ,1111111 111 1111111 „Qer 11111 (1111
1111 111111111ιῖ11 111111 1111Ἃ11111111ι1ὼ1111 11111111ἓιῐιι 1111111 &liud
ggstebgg 1Ἶ11111111111Ῐ11Ῐ11Ν1η11 1111111111 1111111111111111111 1111011181Ῡῦ (ἓὲ
1111 111 11111111. 11111. 1111111111. 5111 1111111111. 111111111111111111111
1111, 111 111 311111 11111111. -1111 111111 1111111 1111111111 111111.
1. 1111111111 11. 111111 1111111111 1111111111 111111111111111.1111111
1. 11111111, 11111111 1. «1111. 11. 111 1. 11111111, 1111111111 ,1. 11111, Stin
11111 Admors. 1111111111 1111111111) 111 1. 3. 1567, 1111 1111111111
11111111111111 1111111111 ιι. 1111 ιι. 1111111 111 11111111111111111 111. 11111.
1111111111 1111111111111 11. 1191. 111111 11111111111, mie 11. 1.
111111111111111111111111111111111111 1111
111 191. 11111111111 1. 11111111111, 1111111111 11111 11111111 11111
1111111111 11111111 111111,11111111111,ἱ1111111111 11111111
11111, 111. 111111. 1111111, 1111111111, 111 11111111, 1111111
1111, 6111111111,1111111111111,ι”11..1ι1111111.- 1111111111, 111111
11111111111111111 111.111111111111111Θ1111111,111111111111,
1111111111«1111111 11111111111111111 1111111111ἓῖἕὲ
[iubutffluetfurtmn 11111111111111111111111111111111
111 11. 11111111111111111 11111111111111 111 1111111111ι 111 1111111111
genbirg, 1111 figeac ἐι.11111ᾒ13ῠ11111ι1111ρ1111,311αὲ1ιιιᾋ311111ἱ 1. 11111111,
111111111 1119911111ξῖ,,1131111911111111111111111111εῗξ11111τ11,1113111111111111111
1111, 11111111, 1111111111, 11111, 11111 1111111111, 1111111111,
.11111111111111111..1111.11111111111111
1111 1111111111. 1111111111111111 11111. 111 ,1, 114161111111111 111
11111111 11111111 111111 11111, 1111111111111111111111 11111 1111111111 1111
1111. (1111111 11. Mencken 111. ‚1239-1352. 111.11111.33111.1;
111111111111111111111 1111 1416 1111111) 1111 1111111 1111 1111111111, 1111 111
· 1. 11111 111 1111111111. 111 1 111111, 11111 111111 11111 1111 (1111111111
1111111111111111111111111111111; 111111 111111 ,1111111111 1111 111
111111 1111111, 1. 1111. 1. 111 1111111111 111111111111111111 1. 1111111 111
11111. 1111111111 11111111 1111111111 11111111111111 1111. 1111111111
ιι. 111131111111111 1111111 1111 Mencken 111 11111 11111111 1111111
1111 111111111111 1111, 11111 1111 1111111111 u. 11111 1111 1111111111111 111111
1111111111 11111111. 1111111. 11. 1111111111 11.) 1111111 11111 111
111111111ι111111111ιι1111, 111 111111111111111111111111111111 1111, 111111

11 111111 111111111111 1111111, 111111111111 111111111111111111, 11111

1111111111 11111 (11111111 11111111 3-1111 11111111 111

¹ 1111111 111 1111111111
11111, 111111 11111 1111 11111111 11111

11111111 111 11111111 im 11111111111111111(ιῖ19113111111111ω111ῃ111δ111
1111 1116 1111 11111 111111 1111111111111111111111 111 1111111111 111111 111111
111111 1111 111 11111111 1111111 111111Τ111111116 111111 11 111 1111111111
1111 111111 1. 1111111111111, 1111 111 Ursinus, 11 1111,11111111111111111
1111 1113 1. 1416-1500 13 1111111111 1111111111 111, 111 ’1111111111
(11111111111 11ι 1111 11111111 31111111 16 1111111111 111111111111 11111111
1111 &enen 1111111. 111111111111 1. Chron. 1111111111 11111111 1111111
i« 1501-1567 11111 15 Q. 1111 111111111 111111111111111; bod) 1111 1111111
1111 11111 11111 1111 1111111111. fficium 111 111 15 Q. 11111111 111.
1111111 1111111,111 2 111111 Q. 111. 111 1111111111 1. 1111111 11111111
1111111111 u. 11 {g} 1. 11111111111111111111111 1113. 1167· 111 1111111116.

1111111111 11111 1111111111 111. 1111 1111 111 1111111111, 8111111 n. 1111111

 

