113

11111 1111111111 11 11111111111,11111111111 1111 111111 111 1111
1111111111, 111 111 11111111 11 1111 1111111 11111111 111 111
111 11111111 111111111111111111 111. 1. 1. 11. 1. 3. 1587,
11911612 111. Bor. 11112111. 213. 216. 111 1. 1111111. 11111. 1. &run
11111111Ι R& 11 1111 1111111111 311111 (12301 11111111 11111111, 11111
{tumtun &nmen 1111Ψέ111111 1113110 43¹4} (11Ᾰὲ αιξξιῗᾶᾰῗξ <wag

1111111111 1111ἳίτ 11111111 11111 111 1111111111111111. 111 11 111

111111111111111111111 1111. 111 111111 1111111111 111111
111 11111111 111 Q 3. 1190 111 11111111 120 &- 111111, 1111111 Β. 111
11111 1111, 111 (1111111111 111 411 1111111111 311111 193 Q 1111 1111 11111
11111111-111111111111111111 11111 1111111111. 111 111 &iun &runnu
119111311191112“111111”111ἳῖ1“111“1 11111111111
1111111111. 1111111 11111β , ,111111 11111 111111111111111 2. {hufflatta
11ε „Dte 111111. 1111111 1111111111111Ρ11111 1111111111 111 111.
1111111111 111Α.1311”; „eme 111..1111111,111 1111111111Ι 111111
11111111111111.111111111111111111
1. 111111111111111111111111111”; „eme 11111111 11111, 1111111 111 1111111111
111 111111 11111111 11111 111 Jorg 81111111 1111111111111 1111111 ,
,111 111111 111111 111 11111111 111111 11111111111111111111
111111111111111311111111113111111111111111
1111111111ἷ111”; 1,1111111111 111 111 1 summu 111 1111 31 ‘manet
11111111 1,.11111111111..111111
11111001 {affilas M1chov1ta (11 111). Polou: 4.1517; Nauclorus
111· 11111 1111111111111111111
ffiffieffiusshmj 1. 111 1111111111 111111111111. 811111111811
1111111ἱ111111111116111. 1111111 11 111 (1111111 111111 1111111111 Chro
11111 nomae, Chmmc. Carloms, Chromca Eplseo orum,
111111.11111111111111111111 11111111.1111111111111111111
111.111-1111111111111.1.11·
111, 11, 11111111111111111111116111111, 111111 111111ᾓ111 1111111111, 111
11111 111ἱῖ111111 111 111111 311110111111111. υ1111111111 1111 111 111111
111111111111311ἓ1111111111. 111-’1111111111
, , ,, P⁸ , , , u 11
1111111ῗῇ1111 111111111111111111111111111111111111
111111111111111111111911111ἓέ 11111131 mm
11111111111811111 11111111 1111111111. 111 Θ1111111 111ὓ11111 11
111111111113111111111111111111. {a 11
1. 111 11111 1111111 1141111111111111ν 1. 1111ίὲ111 ,111111 1111111. ξ11111111
11111 113111. v. 11111. 1111111 111111 11111 1111111 1111111111. &tabens
111111 11111 111111 1111 1111 1111111111, 111111 111 11111 111 ῦ11111,111
111111 11111111 11111111 111, 1111111 111 1111111111 111 1111111111111
1111 1111111 1111 111111 11111111 111 111 1111113111 111. 11111 &eb
111 1111111111 111Ρ11111.Ι)111. ,111111 111111113111111 1111 mitt
11111111. 3111111111 1111111111 Β. 11 1111111111. 11111111 111111 1111111111.
...11111111’.11111 111111 1
11 110. . 11111 11118111111111111

⁸ Ι

 

