229

1. 11111 111341. 136 111 1111 ,6111111 Liuio 111 1111111111
81111111 111111ῐί111 (1111111111 uu& Fridebornii 8111111111 et Groninn‘
u. Θ. 136 1111 „Stamm Linie 111 81111111 1. Rfigen 1111111111
61111111 01 eodem authore.“ (1111111111 1111111 111 1111111111111 e=
1111111111 1111. 111111 1111111111. - 1111 1111, 111 1111111111 11. 100 ἓ.
11 111-111111 6. 1-111. 1. 1611-1611 11. 1111 11111111 1111111
1111111111 111 1111111. 1111111 11 11111111 111 1111111111 111111111
1181111 111 1111111111 (11111111 111111 1 11111111 1. 111111 Q 120-191.
111-111, 1111131111 16311. 1631. 311 .: 6. 111-111. 1. 1631
-1631 11. 111 gum 1111111 1111111111111111.111111111111111111111.
111111 Q 111-341. 1. 1631-1641 11. 1111 1111 11111111111111.
ἓ· 1116111111 16111111111111111111.111111·
111111 1111111111 1. 111. 111 1111111111 111 1111111111 u. 1111 11111111
11111 {a 11111111. 11111111 1111111111 ὶὲΝ. .- 1111111111 u. im 3. 1696
ww, 111111 1111 11111111 111 361111,’111111111111111111111 1611 111
1111111111111ῗὲ11111111131111111111115511111
111113191α11τ11 ΙἭυῴ 1111111111111111111111111111 111111, 11111111111111
111111111111,1111111 u. 1111111111, 111 1111111111 111111 111 (1111111
1111111 111 111111ῐί111 1111111 11111111 1. 1111111111 111111111 11 1113111
1111617-1636 111 1111111111111,11111”1111111 gu 1111111111 1. 111111
’1111111111 u. 1111 111111111111111111 1111111111 1111111.111111111,111111
1111131111 11. 3111111111 u. 1111111111 111 1111111 1111111111111111
6111111111 1111111111 1111111111 1111111111 1 11111111111111111111111111,
111 11111111. 1111111,111 1111111111 u. 111111111111111111 1111111111.
9111111111 11111 111111111 11111111111111 ῧ1111111111 11111 1111111111·
11111. 1111 111111111ίί11 1111111111 (ὗ. 111-601. ‘Duo 11111. 1111111
11111111 1111 1111111111ίά1 111 (1111111111 1111111111 1111 111111 111
1111111111. 11111111, 111 1111111111111 &bunun 11 1111111111,111
61111111 1111111111 111 6111111111 11111111111111 11 111311111 163011. 31
11 ς1111111111 11. 111 111 1111111111111111111. 111 1111111111111111111111
gomanum 111 111 [111111 1111111. 11111111 11111 111 1111111111 111
11111 , 11111111 u. 1111111111 , 1111111111111111111131111111111
1111811111 911. 1111 11111111. 1811111. XIV. 111 15111111 1630, 111111
1111 11111111111111 1111111 111 11111111. 11111111 11 11111111 uffa&
11111 11111111111111111111 111. 111111 11111 111 11111111 11111111 1. 1.
1311ἲὲ11111 1. 1). 11111111111111111111 1111111111111111111111 ἕ111ὸ1
1 11 . , 11

1111111111 11111111 1111111111 111 1111111111 1111111111

1 111 1111111111 1111111111 1. 1111111111. 11

31111 1631-37 1111111111,1111111 111111111 11111111111ἓ11111111
1111111111 111 1111111. 11111111 111 ῖς. 1631 11 111 11111111 311111 111
1111111 21111111111111 11130111111111111 gang 1111 11. 1111 1111111, 111
11 11111111111111 111 11111111 111111111111111111111 111, 1. 11111 1111

111111111111111111,111 1111 1111 1111 1111111111 1631 11. Θ. 242) 111111
11111 111 1111111 111 11111111111111111111111111111 11111 111. 11111
11111111 1111111111111 11111111 1111111 11111111 61111111 11 &t 111
111111, &turgum 11. 111 111111 11111111111111. †1637 Θ. 1621. Qut
11111) 111111111111111111 (11. 1661 6111-311, 11. 1636 6311-
3311 1111111 111. 1. 3. 1637 11. 38 ῃ, 11 11111 1111 111 111111 1111111111
1111111111 1111111111, 111 111111 11111111 1111111111 111 6111111111 111111»
1111111111 11111111, 111 1111111111111111111,111111 111 1111111111 111·
11111 11 1111111111 1111 1111111 1111111111111.1]1111111 1163111. 111 ιι
111 11111. 111111111111111 111111 11111111 1111111111 1111111111
1111111. 11111 11111111 1111111111111. affl. bie (11ᾃ111111111. 111 1111·

111111 111 11111111 11111111 11 1111111 11111 11 1111 111 1111111111,

 

