ἱ

42

ἓεξὲἰίαξᾶἰὸετιιῶξὲἳετ 111 111111 1111111111111111111111.
“) (1111111111, 1111111111, 1111111111. 11111111111111 1111), 111111, 111
11111111111111111111 1111111111 &aciem 111111 1111111111 11111111
11 311 111111, 1111 1. 1111111 111 11111111111111 111111111,111111
111111111161111111111111111 aa 11111, 1111 1111 111), bii 11111111
1111111411 1111111 111. 1111111. (1111111111 1. 111111 11111111.)
111 1. &teuit 1111 111111111111111 1. (1111111111 1111111111111,1111
aue 7. 61111111, 1111111111111111111,1111111 31111661. §linui 1611.
11. 1. 11111111111111111111111111111. p. 11-14. 5111111111 111111.
1111111111. 1. 111111 1111111111. vi. 1. Θ. 31111. 01111111 111 111111111-
1111111 1111111111ςί1. p. 48 11. 11. 11111111. 11111111111111111. 111.
1²¹} 1811111111 im 1. 1111. bie-gaiae 11111111. &efflabit 111 111 11111111
111111111111111111111111111111111131111
1111111111111 menig &nimum 11. 1. 1111111 1. &iube 1. 11111
10 6., ub. 111 1111 1111111111 11 Q, 111111111111111111 111111

41, 1. 1111111111. st. 1 6., ib. 111 1111111111 1111111113111111
111111111111111111111111118111111 11. 16 6.(11111111111 111,

1111111111 111 311111. 1111111111 111Φῦ1111τὶ1 Ι. 11 116 111111 111.

111111 1 11. ,11 1 ss. 1111 11111111 1111111 11111111111111111 111111
3331 {me 111 ten 111; 111 81111111) iiim). 1. Gir. 11111111 11 111 111

’1) 11111111 111 1111111111 (1111111111 1. 1111111111 111 1111 111111
11111111111. 111111). (1761111111 801.

ι1) 11111111 1111111 Brandenburginos . .. dio 17. 11111 Α. 1611 . . . exhibuit
,11111111111111 Historiae sacr. 11 1111111111. P. († 1716). Β111111
1611. ii. 4. 1116.) 11111.

ἕως 11111 111111111111111111111 11111111ὲό1 1111111111311ἓὶ111111
,1111111111.1111...11111111
ub. 11111111) 1. ,1111 1 Β, 8111111111. l 5.. 11111111 wilei 11116.
mit 111111 1111111111 111 11111111111111111111111 8ἆ1211ῢ11,ῃῇἳ1ἓ111
(iginii 31ο1ι1ῴ11η1111111411111111111ὦ ’Βὲὶῖῗιῗὲ ‚m 3111111 (⁸322th 311 111
incida), 311111 &giemum 1. 1111111111. ¹{ui 1¹42 ῦς 11. 1. granu
§mm ἔίᾱξῖ 11 111 111111111111111) 11111. (imai 111111 etz

⁸¹) 111111, Anastasius, (1. 1. 1111111111 1111111111, 1111111111111 gebat.
11. 111. 111 11111111 u. 6111111111 1111111111), (111111 mimico-politica
111 contemplationem amplissimi 111 Friderieo wilhelmo 11 1111111111
Bnudonburgici. Βη1111111111.1611. 11. 111111. 11111111 Bibl. 1111.
Brund. p. 341 fg. 1111111111 8111111. 11 fg.

111 1111111111. -1111 . 1. 11. 111 1111111111 3111111 111 1111.
1111111.;111.1.111. 11 11111111111111111.1111111111111 atis
11111 111 111 1111111111111111111, 111 1. 11111.. 1111111111, 11111·
ymen, 1111111111. 1. boniti .1. 111111111111111111111111, 1111111
1111. 11111. 11. 111 111, 1611111111111111 1111111111, (1111 1,
(11111111,11111111111. 111. i 11. 1111111111 1111111 1111111111111 1. ὦ]

 

