429

Uussbtud. 111 111 111111 11. 1477 11111111111111111111111 ,6. 707.
111116 [11111118. 1111111 1161111111 1111111116 1. 1. 1., 11111111
11 111176 1111. 5. 6. 11111. 1111111 11111111 11111111 (11111, 111111
Fol. 76, 111111 11 1111111111, 111 11 1111 111111 11111111. 1. 1161. 3.
15001 11111, 11111 111611161111111111111111111 (11. 11. 1111. 66·
111111, ub. 11 (11111111 111111 111, ub. 111 (61111 111 6¹¹2· 1111111111.
1. 11. 11111111) ,11111111 11111111 11, 11161111111111611111111 1111. &le
6¹¹6. 1111111111.1111161111116.111.11176“·111
111 11 111. 7] 11111111111111 11111111111111111 1111111111). 11111
Ιςιξὲξέὶὲιῒιί 1131111ἶ11111151144111111ῗο111117171 [⁰1 1111111ι Ἧιῗίὡὶηἵῗιὲῑξ {iffi
1116111111111111111111111111111111111111.” 111111 (1111111 1111·
1111111 1111111, 1111311 11·’ 1. 1. 11. Θ 11 : ,311 111111111111-
--111 111116 91111111111 11116111111111 111111111111111111111111
10111111111111511111·11116111611116 111

ῶΙε ,Chronik von Erfurt 11, 701-1531“, 11111111. 111 4. 1186 1111111111
1111. 1111, 111. Boruss. in Quart 07 111 1. 11611 1111 11111. 1. 11111
111, 11111111 1111111110 111, 1111111 111 111 1111111ῗῆ11 111 ,11111111
11111111 1111111111 ιι. ,16 (-1590)11.116111. 11111. 111176, ιι.
11111 {n 1111111111, 11ἓο1167 111 1111115ῧ. 116 Fol. 76116 „Anno
707 1. 1. 11.” 111 1. 1. . 116 Fol. 76 11111 1111111 11111111, 1111116
2. 3. 1756 111 111111111111 11111111111111111 118111. 76 11111111 111111,
16 11111 1111 61111111 111 1111111111. 13111111 111 6111111111 11116

1111 11111 11111111 1111111 1. 11111111 1111111613. 1300 1111111
1111111 116 11176 11111ιὲ 11111
ὲ. 31000, 11111 11160

11, 1111111 1111 11111111, 11 111 1111116
. 11611. 76, 1111 316111. 611111 11111
11.61111111111111116111111..61111111111
111116 1. 3. 1531 11. 1116 11 1. 3. 311111. 1111111117 11 Fol. 76 1111
11111111111. 1. 1117611116 1. 1590 1111. 11111111 (11 (11167 1111111
111) 31111 1531-1690 incl. 1111 1111111716 611111. 1111111116 1111
11111111 (111 67 116 11111111 11111111 ,1116 11111111111111 anno 1571.
11111 (1119111111 61111111 11111111 1716.1,1111111111 111111 111
11611111. 11 111111131111111111111 11111111 11111 1. (1111111111 11111
1111150911. 113. 3113111111 111111101167 (11.111ῧ11111
6666666 1111111161 *66666666666
11111111 mit 1111ιό1ιῖ Appendix: ,1311 1111111116 1111111111 1. m
111. 111 pag. 1353 (111 111 3. 31111 1111111111 111, 1354 ιι. 1³56. 111

111 11111111 fib. 1. 3. 1397 ιι. 1477 (1. 111111. 111. pa .1356) 111111 11

11 111.011.67,1111 1111 111111 1111111 1111111111. -111111 111 (111111
,13111 1111111 11111 &tant 11111111 1111 11111 11131111111, 11 111111
1111111111611111111111 11111111111111111 11111 111111111111 1111 es
1111111 1111111 11111111,111 1111111111 61 111311111311111111111916
111 11111111 1. 1Ι 111 11161111. 11111111 1111 1. 1111111111 ‚Historia 111
,111111 1111111111111 11111111111,1111 1111 1111111116 111 11111111
11111 halben! (6111111 ,111111111111111111111111 11111 1111111111

1111111111 111 11111111 116 1116111111 11111ἕ111111111111111111 116,
111 116 11111111 111111 1111 11111111111111 , 1111111 1111 1161111.”

η1111111111111111111111111111111111111111,1611111111111111
1111111111 1111 1111111111, 11 1111 311 1111 1111111111 111
61111 61111111 911111 1111111,11111113111111111111, 1111 1111 1111111

 

