573

111111 1111111 1111111111 Ι.,1>1111111 1111111111 1.,111111111 ΙΙΙ.) 1111·
111 11111 1111111111. 1111111111111111 1111111111,111111 111 1. 1111111
11111111111111111111111·111111111111 11111111
1. 111111 1341 1. 1391; (11111111 111 (111. 111111 1. 1111111. 11111·
14163 1111111 11111111111.111111111111 11 111111111.1111; 11111111
1. 1111111 11111 111111 1111111111. 6111 111. 111 111111 1. 611111;
11111111111111111111), 111 1111161111. 1111111111, 111 1111. 1111111111
111111 111 1111111111111111111111111111 1111111. 111 14. 31111111,

111111111 11. 111311111971-1389, 11111111111111111111111111 111·
1111111111111111111111111111111111111111 1111.
111 1131111. 111 111 111 14111 11 1 11. θ1111ὲ11111111410-1433

1111 111 111111 31111 1111111111 1111111111, 11 111 111111111 1111 1111
1111111 111 1111 (111. 1400-1493 11111 111111

111111 1111111 1111111, 1111 1111 11111111 11 11 1111111111
1111. 11 1. 11111 1111 11111111 1111111111111111111111111 111111111
1.. 14111111111111111. 11111 111111111111111111111 111111 11, 1111111
111111111111111111 111 1111111111, 1111111 11 111 111111111111. (1.
1111 11111111. 11 1. 11 Ν oderhof's Chron. Tremon. (111111111111.
0111129. 1. 1111 11111 Nr. 11 111. 11111 11111111 1111111111, 111 111
11. 31111, 111 111 11111111311.11111111111’11111111111. 111111.
11. 1111 111. 1111) 111111 1111111 1111, 11111 111 13. 31111. 111111111
111. 1200-1300 11111 11111 111261 111. 111 1111 1111111 3111 111
11101111 11 6.). 11111111111111 111111, 111, 1111 111 11111111, 111
mit 11111111 1. 11111 11 1111111111 1111 1111 11111111111111111.111
1111111111 1111111111, 1111111111 1111 11111 1111111 1111 111 111111
8111111. 11111111 111 61. 1111111, 11111111. 1111 1. 111. 1. 1. 111111,
mit 111 1111111111 11111111111111 11161111 (1314, 1352, 1111114171,
111 1111111111 1111111111 111 1111111111 11 11111111111111111111·
111111111111111111111111111111 1171111111
11111111 11311, 1414, 1411 111, 11111111 1111118111· 1111 1111 111
1111111111 11611111.. 111 11111111 1. 1111111111 11181111111111.
11111111. 1177; 1. 111111111 1978; 1111111 1. 1111111111 1391· Sus
11111111111 1. 11111. 311111 1. 111111, 1111111. 1. 113111 1. 1111111.
11111111 1. 1111111111 111). 1415; 3111111111.1ι1.111111..11111 11111111.
1. 1111. 11111 1111111111 14911 111111 111 1111111111311111111111111.
11111111 11 1111111. 13991. 14οο; 140111111111111111111111 1111
111 111111111111111, 1111111111111· 1. 1111111111, 1. 1111111111131111
11111111113111111111·111111111111111111111111.1..
11111111 11111111111111 13491.11111111111 1314ς 111111111111 1348
1. 1111111111 11131111 1. 1111 111 11111111, 11111111, (1 11111111
11111 1. 11111 (1111111111 1. 11111111111111161.· 1. 1111111111.
111 11111111111111111; 1111111 6111111 1111 1111111 1111111 1. 1111111.
1. 1111111111 111 (1111111111 111. 1111111111. 1111 1111111 1. 1111111.
1343, 1111111111 1. 111111 111111111111111111 111611111111 111 1·
111111 1111111. 311111111111111111111111111111 111111111 11
1111111111 1111111111 1. 111 11111111611111.111111 1111 11 111
1111111111 guttim 1111 11111 1111111111 1111111111111111111111111·
11111111111111111 11 111111111111111111111111131111, 111 111 {t-
111 1. 1111111111 1111 111 11111 1111111,11111111111 111 11111 111 111 11·
1111111611111111 1. 11111111111111111111 1111111 11111 11111 11111
1111 11111. 111111 111611111111111 1111 11111111111111
1111111111 111 1111111 1111111111. 111, 1111111111 11111

11. 11111111 1111
1111 1111. 14. 31111

1111

 

