10⁸

· Ι. D. 9191191991 9. 9991119999999919“1199991999199991 19 999 119999 919999.
99991991991111. 9199. 119199 1999. 919. 9. Θ. 979-919. 99 911. 9991. ιι.
9. 999999 999 99999. 99119 999 9999 91999999 111 99119919 99199999 99999
999, 99991199 999 999 9119999919 9999 11 999 999. (91919.ΙΙ ,8919919999
’ 999 999999 91999999 999 9999 1991991999199 9919999 999 919199 9999 9999
9999999199119999999 999 1199991) 9911119919 999919 999. 1191999199.
9911199111. 1191. 9999 91199999 19 9. 91. 919999. 999919919191 999. 89199.
18910. Θ. 36-99. 999 9991. 999 999999 999 199. 91999199191999199999.
9911 9999 999 9191199919999 99199999991119999919191. 9199 9999119.
99911999 99119 999 9 991199 119199. 19 9999999 1199199199 999 99999199. -
919 9. (9999991. 9991891191. 119999. 9-15591 9999 S. 1999 9999991 1199
991 999 991999919199191. 9. 1191919. 9199 9999 9191919119 919999 99991999,
9999919199 999 1191991999 mmm 999 39999999 999 999 9191999119 999
Ξ11919191199 ubet 919919 ,911999 0999919999 999 199 699999999111999199
9999199999 99 99991999 999 9. 9999111 999 1999. 399999 9. 99999 99111199
· 999999999 9199111999 9999 9999 99999991 999 99. Septembris 9999 9999999
199 399999, Ao. 199991 9191. 91999999 9111119911. 999 19999119919999.
81111919. ἓ. 59.

[991919 99 ,99911 99199 99999. 99999. 11199999911999119 9991199999
91919999919999, 999999 1919199999 9199 9. 91919199. 9999 99999 119199
199199 99999999 991999 9919999911 fid> 9999999 1. 999999119999 19199 bunt:
·· 9919919199 911999 919991999 &quen 999 99999999199999). 991 911, 9919 919

11999919, 9999999 999 8999939999999999 999 99999999 99999 ,9999911199
, 99999199 99 999 99999119 91199999 999 91199 91999 99; 9. 999 999

91191 991999 99991199 9999919999 191; 9. 999 qud) 9191919999911199 999

9199199911991999119 99999 999 91999999 amodum 4. 999199), 999 991

91911999 1199 919 9. 99199993919999191999991199999, 919199 99199999
999 9191 99 9991199, 919999, 91919 9991199119 91991 919999 (9. 11. 999
1191999199191111111911.ῗ119’911131111ὸέ91429919ῗὲἔᾴ
9. 9. 14919. 9999991. 99ιῖ 999-199. ,91999
11191999. 991199), 99999999 9191199119 9999919119 99991919 919199
919 9199199 9. 919119999199919 919 1991999991 19991199199 999 11. 919199
9999 l. 9999 5. 1591.) 1191991, 919 111111. 91 1991. §Det 9991119 unter-
99199 99191 st& 999931. 1599 99; 9911. 999991199999991599-1595
999919 19 919 9191919919 999 99999199199199999199. 9999999999 19 1999919

19991 1999999* 9999991.

159199. 95. 99199999999191999 1191991111999, 991919 9999 919 8999999999
’1911111111319111,199919141911’91 9191111191911111919
199 9119 9999 999991919199911991999
’ 9119919 999991919919991191999. ,9199999119 (9999199911 999 1911991999

&cetea 399 999 99911999991999199 999 99999919 111911991 (19199519),

199999 919 9191999. ,1)9. 9119999999 1595” (191. 939), ,99991919 99191999

(991999 91999191 919199 911 9991 1111. 9311». 999-919), 9991199 ,9999
· 9999 991991 9999119999 9919919999 999 999 111999 999 9999999199 999199
999 9919991999 99199 9999 999999 999 ι91911. Ι999991ὲὲ 999 999911 1991199κ
919 9999191991199199 11199 ξ. 911. 95919-999. 999 991. 11911. 9. 191995
..ἕως 199ἦ919ἐ19ἑ9. 9591319119). - 999δω91ἱ99ί99θ919ι9ῒ99199199ί19ὁ9199911919
3999 (991’99999999999919ῗ’“9ῗῖἆῗ9’9999ἷῖ9999 999ῗὲ. Mne& 9901993

 

