407

11111111 9191111911 19 11 9. 9111111911 . 91111111 1111 9111911 91496
-1636, 111 11111111 1. 91111111 ., 9β 64-19. 111111 11111111· 1111119
191111 9. 1641-1619 9. 59. 9111111 1111111111911 91. 9111119. 11111
911 91331 u. 1191 9. 99 11. 91911111 191111 919 11111111 9111119 1599
9. 601 . 1111111111 91111111111111 ιι. 1111111111 911 911 91. 11911119. 1. mit
911 9111191111 ιι. 11911 ιι. 1111911119111119111111111. 1484 9. 61 11,

b. mit 9. 13111191 1991119111. 1510-14 Q 62—64, ιι. 1. mit 119.
11111, -1539 9. 61; 9. 11119991991111111 1913 9. 69-61. 3119111

§ut 111119. 1119911111 ιι. 1911111119 1406-1494 9. 61 1. 9111111111
’111119-1661 9. 6811. Qu 91111111911111111119. 11 11111 9. 631 .
1111111. 311111111111111111 1191111119. 9. 1091-1611 [1191111911 11911911
1113. 1560] 910-11. 119119111911, 19 11 1. 911 911 11111119. 991·
1111119911111111111111111191
9111191191111111] 9. 11011. 1111111 91111911. 1496-1633. .111-113.
111119. 91119119111111. 1513-1696. Q113 11. 11111991119111. Q114.
919111111119111119. 19111111111911. 1408-1649. Q. 114-116. 1111119911.
111119 1911111. 1999-1638. 9 11611. 111111 1911111. 1591-1669.
9. 1111. 111111119111911. 9116. 91911 1111. 1989-1611. ibid.
11919111 1191111. 1991-1661. 9. 116-191. 9111111191191. 1569-1660.
Q. 191 11. 1991111111 ιι. 111111 Reii. 1611-1636. 919911. 1119
11111111. 1611. 9193. 1111119119 9191111119. 1696. ibid. 11111111 19911
9111. 911111 19 inu. 11119 1111119. 1111111111 ιι. 1111111. 1531-1668 1111111
. 1911111, 9119119111 911111191111 111 11111111 11111111.) 9193-196.
’91 1111111111111 1111111111111,9111111111111111
9991911111, 91191119191,1119191.1 9198-139.) 9. 39-138. 01116.
1111111119 91911919 11119119 1111191111 111. 911 9111119119. (1111191111
919 9911911919 9. 1108-1651; 1191111 9. 1108-1651; (1111911919. 1191
1668ς 111911. ς11191111 119. 91111111911111111 9.1941-1641; Diaconi
9. 1536-1663. 1199191119 9. 1995-1662, 0911911199, cantores, 91199
191111ιιι; 19111111,οι111111 ιι. 119. 9119911111 11 9. 9911119111 919
1663. -· 9911111111111 9. 1393-1666; 911911911191 9. 1567-1651;
1119. 911119 9111191111 919 1669; 111911ιί1111 11111991911111; Medici.
9111119111119111.1111911, 1911111 111 91111 1111111111 119119 199 119111
11.19.139-119.- 919911111111119119191199119111119
,11119111 991 911911913111194891. Gap. 1. 91911 1111111111 ιι.
1191111111 911· 9119131111. Q 1-3. Cap. 9. 1191 9111 91111111 91191.
3. 9. 4-5. Cap. 3. 13011 91111 9111, 191111, 911111111111. 1111119191
111191191396-9. 61111. 911 11111919 1111111111 1191191111.
991111111111 9119119911 11191191119113911191111111111 ιι. 911 911913.
19. 9. 91119119. 11111111 Q. 10-69; 9.11191111991119.69-15; 9. 1991
vitale 'Qu-713 9911191611 9.19-11; - 9. 9. 9111911913, 9111 =
1119, 991191119111119191111, 1119111111, 31111199111111, 9911 :buu ,
(91111111.) 9. 10-91. 01191191 11111119 1119191, 1911 1111. ιι.
191111. 911111 11-1.·911 911 91. 3111 99111111111 1111111. 1199
11111919.88-96. 1119τοί11119 911111999-103. 9119111111 11 911
1111111911 9103. Legata ιι 11119119111111111119.103. 9119191191,
11119111 9. 101. 1119111. ἒ8111111111 19111119111119. 104. - 1. 9. ‘Dae
1119 1. 9. 911911111111 Q. 106-109. 3. 9111911111 919 9119999
111119. Q 106. 11911191 1919191111 ιι. 91199119111 11111111 11111,
19 11111199 1. 91191 91111911 1111 1111111111113111119111919 91596
-1669, 9. 106-114. 6. 9111111 Privilegia, 9191111111 ιι. 8111111, 911
91. 3. 9. 1999-1601. 9. 114-117. 6. 9111111111111911111119111111-

vilegien 9. 1999-30. 9. 119-191. 1.119111911191 911 311911 119
911913. 11911691. 9111-119. 1. 3111116191. 9. ιιι. 9 mr

 

