11111111111111111111 111111 11111 111111 1 1. 1111111111 611111
1. 1111111111 11111111111111111111 1111) 1111111111 1. 1111111. 1161
11111111 {emptu Θ11111111ς 1. 1111111111111111111111111111111111
1. 111111 11111 11111111; 111111111 81111111 111 1111111111. -
1111111 1111. 11. 16-1111 11. 9111111111. 81 11 1111 11111 11111111.
· 11111111111111 1111111. Ι. 111111111111. 11 1111. - 11111 (11111.
, 10. 15. 11. 11. 1111 1111111111 1611111111. 1111111 1111111111 111
1111111. 11111111 11111111 111 1111111111. (11. 111) ῶ11111111111 111
11111 1 1. 1111111131ᾶ11111 15111143111ὴ1ἷ11 1111141111111111. 11111
111111111111111; 1111111 ’111111 »111111111211131
1. 111. 11111111. 1111 11111 8111 11111111ς 111111 11111111 1111111
111 11111111. (11. 15 2) 1111111. 111 6111111111 111 11111. 1. 111. 1. 80·
ξι ΒΙΕ11911111111111ί61ις1ι11 {hm 1ο1ῗ11111111ζ11-11 ffluffifflessgu33ffi32 {ww m
611111. 111. 11111 1. 1111111111 1111111 11111 1111 1111111111
11111 111. 1. 111111 1. 11111111111111-111111(11111111.
{et 3135. 3ἓῐιὶῴ11ῐ11111ἕὲ11ἱξέι(ι 6119111. §Q 111) (1 11111111ῶ111111111
11 . . . .
6111111111 ιι. 11111 11111111. 31111). XI ( .3.1. 13. 11. 19. 31. 3411
111111 1. 11111111. 1. 11 111, (11111111 1. θ111 1. Ε111111 1111 1. 11111111.
1. 1111111111 111111.1.ῗ11111111· (111111. 1111111111. 111111 11 1. 111111
111; 311111 1. 111111. 1111111 11111111 1111111. 11111111 11611111.
1111ῢ1111111111 1111111 11111111. 1111111116111111 111 6111111
11111. 111111. 11111611111111111111111111. 111111111-11111111

11111. ; 1. 111 1111111111 111

&a 18. 1131391 Θ1111111 1111111111111. 1111111111 1111111111

11111111 1. 111 111111 1111111111111111111111111111 Q), 111ί
1111111ἓ11111111111111111111111. ὓ111111.11164. 11111 &ties
etiem ΙΙ. 1.111111111111111111111111. 11111111 11 §trau- - 11111111
11111. 6. 20): 11111111111111111 11. 1. 111. 1111 (11111111. ιι. 1111111111
111111111ῢ1ώ111111111ίιῠ11. 11111111 111111111ῢ111θ11 tssiwu. 1. 1111111.
1111113111.111111.11111111111111111 1113111· 111.
111111 11111111 11111111111 ,111111111111111 ι1 11111111 1111) 11·
1111111111ίέ 1111111 11 11111 111111,11Ρ1111111;
1111111, 1. 611111 11111111 1. 11111111, 11111 111 111 111111 1. 111111
1111111111111 1111111111. 11111111 11111) 111111111111, 11111111 9111 fi:
111 1111111111 11111 11111111 111 1111111 11111 111111 1. 1111111111
111111111111111 1164; 111111111111111111111111111111111 1. 1111111.
1161; 111 111111111111111 111111111111111111 1 1111111111111. ⁵Dum:
11111 1. 111 111111 11111 11111111 111 [1111111111 11111111. 1111111111
1111. 11111111. 1161. 1111111 11111111 (1111111111) 11111111 Kr. 111111
1111111111 111 111111 111111 11111 111 (11111111 111, 1111111111.
11111111 1111 1111111111 1111111111 11 (1111111111. 1111111111 1111

· 1111111111 1111111111 1. 1111111111 111111. ubet 111611111111 1111111.
1. 11111 111 1111111111 111111111111 111 11 11111111 11111111 111 1111111,
11111111191111·11131113. 11111111111111111111ἷὶ 111
1111111 11111111 11111 1111111 111111111111111111111 1164 111 111111,

111 1111111111 , 1. 1111111111 1111111111 11111111 11111111111111111
1111111111111111111111111111111”“1“9111*Νἶιθωῦωω
1111. 11111111 111111 11111 1111111111(111111111111111111011 affiatu& 811110ῗὶ

· 11111111111111; 1111 1111111111 11 1111111 1111111111. 11111
1111 11111111) 111 111 11111111 1111111111 1111 11 1111111111111 111

 

