250

11111 1111. 3. 6. 11 11. 111 1. 1. 1111111, 111 111 {Mb 11111111 111
111114. Q 106—1083 - 1. 1. 1111 11111 11111 8111119 1111. 1.
(ὅ. 51 11. ιι. 1111. 3. Θ. 1011111111 11111 11111 1111 1111. 1. ὅ. 13
ιι. 1111. 1. (ᾗ. 111 11. 1. 1. 11.ἐὴ111111119.111111111111111111111111»
1111111111111191131111111111111111111111ζ
1111111111, 11111, 1111111116 11111, 111. 11111, 1111111911, on·
111111, 111111 1. 1111111 [e 31111. 1. ιιι. 1. 1109-1690 91114. Θ. 198-111)
ιι. 1111111111 111111111111111111 1111111111ιὲ (Βὲ. 4. Ξ. 11611. 19811.
9111111. 3. Θ.111.-1111.3.Θ.11. 13311. 1114. Ma.)- 111911
11111111 11111 1111 1111 9111111111111 1111 (111111111111 11911111
9111111111, 11111111. 1111111191111 (ub. 11111111111111111, 11111 1
1111111111,191191191ιι1 1. 111111, 111 1111131111 11111111. 1111 11111111
ιἰ1. 1. (111111. 1111111191 111111111613 111. 1111111111 11111111

1111111111, 1111. 4. 11. 41. ὢ. 181-194 u. 11), fib. 1. 11111. 111111,

119. 11111111 ιι. 111 1111111. men 1111111111111 1. ὒ1191 1111. 1.
(1.44111.Ι 1111, 91111111 n. 111. 111111 (111111111111111911 1111111
11111111. 1111. (11111111 11111111111111111 1111 11911111. 11111. 2. Θ. 91 ‹
1113111111·11111111ωέ11111111·11111111111*ωὼ

11111 111 1111111111 91111111111111111111111 1111 1111111911ἔὲἓὲ
911111911 111 11111111111111 1111 911 111111111111111111111111111 9111.
1191 1111111. X„ 1113 111111 1111111111 1111 ιι. 1111111 1911 1111191 1111111,
1111111111 1111 111111ι11111111111111111111111
1111111111) 1111 111 11111 3111 911 (1111111111 ιἰ9. 911 &trip 1 .
1111111111. 11111 11.. 111111111111111111111111111·
11 1. 111 111 9. 11111. 1111111. 11111111, 111111 1191111111 1111 famma.
ὲ1111111111 111 111 11111111 1111111. 311111 911 Gr. 91111111111111
1111111 ..1111111 11111111111111111 1911111111 1911111911. &ebt
mr& 11 11111111111111111111111111111111111
111111 11111 Cr. ς1111111 111 911111111111 911 1111111. 119. 111911ὓ111
1111111111 1111111111 11111111111111111111111. 111111 1111111111, 111 fib.
11..1ῗ1“111“311115111111 11 1111111. 011111 1111121111
11 Cr. 111111131111111111, 111111 1111111111 111 ’1111111111 11ἓ11111Ι
1111111 1111 11111 1111111111Ἑ11111 111111 -3 119111 111 111111ᾒὸ0 1111
11111 Gr. 11111 1111 11111111 11111 111, 1111911 1ι1 111111111111311
911 1510, u. 1111 1111 111 fiber 111 111119191111111111111111 1011111
1111 11111111 - ιι. 111 1911 1111111 nime 1111113111 eine 1111 9111119111
1. 1111111111) 1111111111111111 uc 11111111111111Ι 911 (11111 19.
glffiffitfitge ιι. 111 1111 1111111111 11911111111111111611111116161.
11111111119911 [11111111111111. 1. 11 11 ’1111911 111 1111111111
1101111111.111111111111; 1111111111ἷὲ 1111 111
111 11111111.,1111ιι. 11 11111911 911 111111111111111111 9111111.
1111ωὸ ⁰”⁶f¹'¹¹ss‘¹ffl⁰“· 1111111111111·’1111ίὲ111111
1111111111 11. Ξ111θ11119111ϋ11ι11ῗ1111111111 1111111111 1. 1111111111 mitt 1111
1111111111111111“1111111111111111111111111111111

11. 111 ς11111111. 11111111 1119 11111111111111 1111 1111 111111·

1111 1111111111111911. -111111 111111 1111111 1111111111· 1. (1111111111
1111111 Cn, 1111111111 111 111 11111111311111, 1111111111111111111

 

