11111111 11111111 11111 111 1111111 111 11111111111111111111 111, 11111
11111 1111 111111 1111 11111111111111111111 111111 1111111 1111111111. 1111
111111111111111111111111 11 11111111111111111111111111111111111
111 §idm — 11111 111 1111811 Β111 11111111 1111111111 1166 111 11111 111
1111111111 11111111111 (1111111111 111 111111111111111111 1111111111
1111 11111111111111111111 1111 1111 1111111111 1. 1111111 1461 111 111111
1111111111111. 11111 111 11 11. 111. 316-311. 111. 11111111 1. 11111
1111. 111 1111. 111318-331. 1111111111 1111111 331-311. 111 bod)-
11111111 &io 111. 341 1 ., 11111111 111 1111111 1111111111 111111 1111 1111
1. 1311111 1111111111 111111111 1. 1111111111111 111. 1. 111111 11. 1.
1111111181111111 1111111 11 (111. 110-111.) 111111111111111 11111111
11111111 11 11111 1. 11111111 1111111111. -111111 1111 111111111 11111111
1111111111 1111 (1111111111 111 111111111111111111111111111111111119111
manat 11111111 111 . 1111-11116,11111111111 111 111 111111 1111111
11111111111111111111111111111111111111111111 11111111.
1,11111111111 111 11111111 111 11111111 11111111131111111, 111
1111 1111111111 11111111 111 1111 11111 11111111 1. 1. 111 (1111111111
1111111111 111). 1. 1511-11115. 111. 311-3111. ,1111111111 111 11111111·
111111 111111111” An. 11113-11. 11. 3111-311111 11. 141-3111,
1111111 1111111 111. 311 11. 1111111 11111111111111111111 11. 1111. (begen-
111 111 1113151611. 11.,1111111 111. 313-3811. 1111111111 11111
111111111111111 111111. 11. 11111111111 111Ι 111111 11 1111. 311-39311
,11111111111111611111111111 1111111111 mit 11111 1111111111
1111111111 11 111 11 1111111111 1111 11” (1.1111111111111111 1111111111 111
1111111111ιό 111111111 111 16 111111. 111. ,11111111 11111111 111111
1111151111 11111111111 1111111111 1111611111111, 11111 1111111111111111
1. 1111111111” 111 (111111.1111111.111.1.6.101-111. 1111. 11111111
11111111 Sacrificiis 11111111111111 Votorum Borussorum‚ Livonum, 1111-
111-’1111111111111111·1111·11““111111111Β“11”11111
ῧ111111 (14611 111 111111111ὀῖ11 1111111111111111111111111 111111 111
11111 &time 1111111111 111 1111111111111111, 111. 11111 1111111111 111
11111111 1. 1111111 111111111111111111111) 111111) 1111111111οῧ111111,
1. 1. 111 1111111111 111 [11111111 1111111 1111 3111111111 1111111111111
6111111111111111111111111. 111-31), 111111 111 1111ἓί1111 111
1111 11111 1111111111. 111 1111111111, 111 1111111111] 1. 11111111
1111111, 111111 11111 1. 11 11111111 11111111 111111 (1111111111 111 11111
111111111111111111, 1111111 111 (1111111111111111111111111 111 ῧ11111ι
11111111 1111111 1-11.41-411.49-53.11. 119. 71—79. 87. 113. 111.
1111-180 1. 11.). mod) 111 11. 111 111 (1111111111 111 111111111111111111
1111 11 111 1111111 1111 1111111111 11, 111 111 1111111111111111111,
111111 1111 111 1111111111111111 111111111111. 111 131111 11111111
111. 11111111 ΙΘ111111111..11111111111111111111 1111 11111111. 1111
111111111111 111 gum 11111111 11. 1. 111 gum 3. 146111 111 1111. 111111,
11111111 11. 11111111 11111111 1111111131111861ξ. 111 (11. 181-3191
1111111111 1111111111 11111 11111111111111 111111 1111111111 111111111ῑί11
11111111111111111 111 111 1111111111 111 131111111111111111, 111 11
6111111111 ’11111111 11111 3 11. 11111111]

&theotonium 1111 1111 1111ῶ1111111111 1. 1111 13111111111111111 1111111.
1111111111, 111111111111111111 (1111111111.

1111111111 1111 111 1111111 1111111111 (1111111111.,1ι111111111111

Ι1111111 8111111 (1111111111111111111111111519111111, 1111111111ηῴ
13111111111111111111111111. 111111111111111111111111111 ,tois {M‘

 

