[116. 111 111111111111111111111111111111111111111111111111111
nb 0.·0.-1-336 (111111 11611111111161111111116. 6611111111. 1111.
1611 6. 176) p. ’16-156.]

’6 1111111111,311. ror. 1111111111. (111. 16111 ὅ. 310111.)

[1611111111 Ι. 1111111111Ρ11111111111 1111 Wiporti, (inmitis (irni-
zeusis (1010-1111), 1116 chron. Ρο111111111111.(111. 11111 δ. 311)
p. 6-13. now: 111. Libellus 111111111111111 1111111111111 Bi 111-
11111111 1111111113·1111111111
’1111 111 nn n 11 ao 1111111111 [11’-ι1111.1.·..1..,
Ι1. rer. 011111. 111111. 111361 ., 1. 111 1111111111 1111111111, 11111
111 11111111 11161 11 1111111111. 111111111111111111,161111ι
11116 11116111 11616111 111 1116. 11 1311111111 11116111,
1161111161 11. 11116111,111111111611111111111111111111111161111
11116111. 61116.Ι 1111 86111111 1. 1. 11. 111. 311. 6106 1. 1111
ὕ. 314) p. 118-133. 111. Fundationes quorundam (1111111111
1111111111111111 ooliootno 1111111111 por lionnohum Bonodiotinum,
111111111111111111. (Holmoi. 1661. i]L 1111111 1111. 611 6111111 616 1111
1111161.111111.311111,11111 1111,1.31111Ῑ1.111 1111111
61111918, 1116161 1131611111 611111116. 1. 1. 111111 1611 ὅ. 314.)

166111111, P. 3.,811.-111. 111111111111111. (ngr 1111 6. 316. 111. 4.)

[111 l: 11161111 0111111111 1111111111111111116111111111161116111
1111611611111116161111161161111111) .131-143. 11118111-
11111111. in Augustum Administratorom 111111111111. 11 novo
11111111 Saxo-Quorsurtonni 11. Wittonb. 1665. 11.303-111.]

16111, 811. 111. nustriae. (111. 1611 Θ. 61. 111. 90).

[1161111111 S. Severini Noricorum Apostoli (3.111111111116
Ι611 1111111 1616111111 1161111111111, stig 1116 111 11111111 111611, ion 111
1111111611111, 11111111 11 111111 111111113111111 &o 31111111
11. ς11111111, 11. 61111 116 11 1 11111 11111 1111 31111, 111 11 ,1112 it.
11.1113111111..1111111161111131111
1111113111111111·.“11111.1111.1111111
,6111111 1611. 1111611 f. 111111 11111161 1611616111. ΙΙ. (ὅ. 613. guerit
11116. 6. 1. 1111111. 1111111.1635.4.11.111. 01111. .613-636;

1111111111 (11111111. 11 11116116 1111111111 111. 1. 16111. 1. 11111111

1. -1, ὓ. Nr. 6. Q, 4·ng p. 111-91 (11116 1 6111111. 111 31111111 111116
1113111111.) chronic. 01111111-111161111111111118-1348 (ow
16111111111111 111 1111111811. 111. Ausim 11 3111 616 11. 31616

11111 1,111 ,3.1113
111111111111111111111. 1116111, 1611 11116 11111 311111Β 1111611611ὅ 611 mone
6113161111 1161 11111, 111 11111111111111116111111611111. 11111111·
num. θ .XI. p. 483. - 61. 1036. 1227. 1285. 1304. 1308.) ,436-
493. 1111111111[1116111111111.111111443) chronicon 111 1. (616.
611 13431111111111. 111 1347 11111 1111111. (ignom 16111111 11161111
(1111 111 13. 31616. 6111116611. 1111. 1611 ,61 Θ. 1. 913. 1119.
1227, 1231. 1234. 1245. 1272. 1281. 11911311. 1308.1303.1313.1335.)
p. 716-971. - 116111111111111111111111111 historia 11 1111111....
Alberti Romanorum 111. 111111 111. (11111111 111 11116111 o. 11111116,
6116111111. 1111111611 ) ,615-673. - 61111161111111 1111
6111111 11111. 1309 1,.1113111111111611111 (1161 1111161116 11. 116 mit
1111111 11111111 116. 111 1161. 1111111111. 1111. ubet 1611 1. 1. 16111

1111111111 1. 1115111 1113111 111311111111111

 

