548

1511Ι 11. 151 611111 111. 1 11111511 151. 6. 3¹13 1. 1511 15. 1511 611115
1111111511 6111 . 11. 15. 1511315111. 151. 11. 6511111. 61511· 1. 1511
515. 151 5111. 6 15511 6. 41 11.· 5 ,11511515 151651565151151151
,5111 1. 1510 6. 43· 15. 151 &tribon 115 15511155 1511151 61 51
61115 1545 6. 63 5. 11.). 615 6111511. 5113111 511111 1151115155 1. 11
111’1151111111111111111111111111111111111611
11. 61115 5. ,1541 15115551 1111511515 511 551 65115111. 65115111
1541-53 (1511 ’1 6.). - 115551 115 ,1644-1550 111 15 (111511. 1511
5115111511 5111111111ς 11111551 11511551 11515 16 35115 35 6511511 11111,
1115111. ,11111111151511151511
16. 511. 615 (11151155 511 1151115111 551 515 1515116 511511 5. 151 1151·
1515, 1511111511 1 1151151151. 651 15115 16 511151 1151. 511 1. 1566
111111111111511 11111 ..13111111111511111
1151111111111. 11 11111515 151151 5111515511 1515111. 11511 1111151551
6. 61, 1151 11515 1 55111515155111115 1511111511. 111111 5115515 611115
551 1111511151 1511511115 111111 15551 155551 5515151115 151. 6151115115
6. 41-53· 1. 51115 ,6111111151 1515 11551 1551 5551 611511 65111111
vlam 6111111 655115 61515, 65115 11. 1. 11. Su 551 61515515 5551851111.
1111 11115111 11511111111111
&lein 6615515111· 6. 51 11. (1¹ .)· 4. Qu 6111111 11 1115115
6. ‚5⁶3 5. ,(1111 111111 1151 511, 151 5115111111151511511611111 51115
15111115111511511115111 6.5611.1151116.1; 6. (11151151 15111
1115 11111 15111 151 6111151111 1513111511 11111. 1547 51 6511151551ΙΙ Q 61
11911φ15ῧ1ξ1 ⁷b'ien{Zffcbbessgesseweeizqffffiwhebuebq? ιι1τ1ἱ5η115ἒεο η15ῗιῖῐ5ἱιῗ
111 1111 111 6111115 051111 115 6151111111 111 ε51111111“ 53111. 1541.
11155111111111 ,111111111111 them 1111111111 1115 5111111 1116111111511111
1111118111 11111 ,111115111111’51111311111111111
111511 1511115111, 1111 16. 1111111111, 11515411. 615151 11511111 51115
511515 6ἱ15111111 151 1. 6511511511 1516511. 5. 3111111 1511 111111.
1111151111 1115 1. 1151511111. 6. 59-61 1511551115. 1 Q). 1151) 151

111555 {n 1511155111111111 151 1151. 11111115 6115115116155515.

imi} 1536 55115111, 1ζῢ1115135ἔ 1111141111111115116116.1111ῒ1111151515 151
1151511ἑ555 eben 5511111111115161111115015115111.ι 6511111 ι11511α5 ε1315619110 aaz}

1511) 1 1515111. 5151

115111
511 gbpoerm. 651111 11511 5551, nod) (1115111111 55181565151561,
115 1111511111 511 Q 94 1161151111111 „sic Dnus Georgius 511551-
11511151 pie memorie continuavit hane Histoxiam hucusque. Sequitur
Continuati0.“ 61511161111111111 11111111 hurd) 115 1111511115 1511111515
1111 11 11111111,8155111. 11555, 1111111511 51 1536 ient 1515111. (111511.
1511111151, 1151111115 11515155 111 1115151151111151 6115151111 511 111 1566
1511111 1511111511. 61515 111111111111 15111 111111 115 1151511111 5151511 6155
115111111111111, 115 11151111155111 111 1511 111111111111111615115151 (111151.
11111 u. 15511151111111 15511111, 1511115111111. 61515511511111151111111111
fiber 1153.1563-166616.94-661 551151151111115 111111 ihre 115115
61111111511,115 551 111 11111151111111 111 111111151551 15151111151151
(111511.5511111111151111111, 5111511 5111111 1111151151]

VIII. 6151111511 u. 61511 6511511111. 615 35 611511151111151555 5.
61115111, 551151111151115111511111115611115116511511111151151.

1511 1511111511.,1.1. 151115111151111115,111111 51111 1111 511

 

