129

⁴⁷) (1111111111111111111111111 1-1433). 111011111111111111111111111. Fr. 111111.
(11111. 111 1111111111. 111111 111 11111 1111111111 111111 „Sum Joannis
thcngeIJ' 1111111. 1111111.) 1111120511. 111111111111, 1111 111111
111 1111111111 1111111111). 1111111111. iu Quart 93 111 111 1111111. 1112

111111. 1. 1111111.

[111 11111111 11111111 11111 111 12 Q 111111. 11111111 111 11111111
111 111111. 1311111 11111 11131190, 1237, 1242, 1310, 1396, 1410,
1411, 1415 11111, 111 11111111 11111 11111 6111111111 1. 11111 11111111·

11111111.1111111111111111.1“1111111ἶ1111ἳὶξῖ111111 ·.
11111 1190,1111111111111 111 1111 1111111111111111111111 11111111, ⁸
111 1111111111... 1111111111 (1111111 1. 111-11, 11111111111 111 111111
1111111111 111 1111 111 1. 11111, 1111111111111111111111111111
111, 111111 11111111 1111111111, 1111111111 1. 1111111111 (1111011-121,
11111111 111111111. 1111111111 11 111111111111 1111111111 111θ11111
11111, 11111111. 111111111111111. 1111111111111, 111 11113. 1413.
1111 1111111111111,111 111 111 1111111111111 1111111, 1111111 1111
11111111 111111. 1111111 11111 11111 111 111 1111. 111 1111111111111
111 .

⁴⁸) Ἰ. manib, 11111,(1111111111111111 11111111 1111111111. 1503 11111,
1111 1522 111 1111111111111111111111,1111111 1541-49 1111111111
11111. 1111111111111111 111111, 1550 1111111111 11111111 1111111111
1111111111 111111111111 1. 111 1111111111111111111111111111111,
1. 11. 11591111111 1111 1111 (11111111111111111. 1111111111, 11111111, 1111
1111111 111111 1111111111 11111111111111111 111111111,1111111 11 111 1111
111111 1111311111 1111111 1111 111111. (11111111 1111111111 1. 1111111111
1111111, 11111111 1. (1111111111111. 11111. 1513, 80 3111 111. 111111.
311. (111. 1111111111 ,3111111111 1111111111 111 Mag. Lucae Davidis,
1111111. (1111111111 (1111111111. 1111111111111111111 111 11111111 111111,
11111 1. 1111111111 11111111 im: ,1111111111 11111111. 111. 1. Q 119-014.
111111 8111111 111 111111 11 1111111111 1. 1. 111. 111111111111111
,1111111111 1111111 111 11. 11111 111111,11111111111111 1. 1111111.
111. 1111111111. 111111111 111 1111111111. 111 11111.,1111111111111111
111111. 1. 1111111111. 11111111. 1111111. 1111). 111111 111111, 11. 11. (1111.
111111111111111. 111. 141111. 111111111112-1111111111111
11111111111111111 1111111 1111111111 D. Q 1. 11111. 11111111.
13111 4. 4111111111 [11. 1. Q 25 1113 ,1111 11111111111111111

1111111111 1112112141 ,111111111111111 11111114.
Q11: ,11111111 1. 1111111111 111. 9. 1111. Q 19 1111 ,111111
1111111111 13701. 111 1111111111] 111111111111111. 111 11111111
111111. 11111111. 1111.) 11. 1. Q 226-236. 111111111111111111111111
111. 111 111111. 111111111111111 11 111 1111111 111111. 111111111111111. 1117.
111. 1. Q 357-360. ul 111111111 11111111. 1111111. 111111111111111 Q 226 '
-241 ·

[1111111111 11111 111 111 11111111311111 1111116111111111111
1111111 1411111 1111111111111111111111111. - 11111111 .1.
21111 111111 111111111111111111111111,111α1111111. {lh

 

