209

71775757111177 1171 57715771 577 7775177518751757177. 8717111.
111177111111311113. 1115ῗέ, ῧέ ’11’ἑ,“1.5111137“1157

gettagem glei 17117 177577771Ᾱ17111577 ὲ11517,65151777,15151177 ιι.

171177 7. 777 mem 5171715777 fun 'rt, 57775771, 737771571117175777715
3771115771· 777577 71177 177151 1157715777151775771775177 511177177
71771717717177.. 77771711717111771
&fiam 5771117577577 577 Ut: ,1717111111 777 ᾗ
157 375757 77517 1575177171. 577 1670.’1 111717 55157. 7715711717
11777 517 7 37777577 (77 5171187711777. 77 5777117177), 171717 77ιὲ 517
,statne 1571157715. 577 777577 7 ῢ1711171).κ qm ὓ7177 715.

id 1751, 1177177777

(575. 771 13 Ε. 7. 777 577 775. 551 7. 577 Ann. Pom. 75775 75777
5775, 'Qum 15757 577 117157ἑ15ἑῠ777 ἱῆἷιμέι 771 5717757 ξ 7711171.
11111,711ξ11“1171171.“7711171.117 111511ιῖ 715111
7577 (tm 1371715715. 1175. 571775. 777777. 7.,7771 . 17777177 77761777
ἶιειέιῡὲι17ιιιιιιι7ιι, 375 111111. 779711.) 717ἰ51 gtmptb unfifingsstb 577ἓ7ἑ1
7ξέ 11.111117.111171517771.“5.1ἓ17711”1ἑ111711
7717777. (5715. (1. ᾗ. 577 7111775 1117117777 1377111.1435.-149 177
717157.15.75.; 517 11777577 1. ῧ17711775 1379111. 1491ζ-ὲ505. ebena}

ξ’. ἇῗῖιὶιῒιιιῗῦ1ηφῗ711ἳ7ἓῗοέειιῗιαιῑξι1ιῗη117ῗῖἑιξῧῗιὲἶ1771115787 {gg}
5. 61715. 7. 8117 8717 111179-1747551 577 71715171 771δβ171117111 717
5751147ῗῖ ’77ῗ ἓὲῗιτί-Ὲὲξῑεξξῗῗῃ 111573117ιὲιὲἧέῙὲ 1²1b ffitffl‘fg'w’ff,
171717 775 777757 5177757177 (7. 11177115 1511505151 755· 517 77777
717 1571171711 111. 151 755.; 7. 5. ,7777775777 1. 11777717 111. 159
755. 7. Q.) 77177577 17771115 7577 7771 777 575177717177515117177177
775771577777 777 577 11771777. 1177777717 771, 17175 1757757771
,775 577 7111717 577 15. 37575775157 777175715711777 517 1771 777
577 77757715711777 177 3. 1537 517 77177 7777777. 59777777717. &a
111 7777771115 517 gange 117151517577171.117711 ἔξω 15777 7εὲ 177
1111717111171111171717171...7.”117..1
7177 7. 5111757111, 7. 577 717577577577717117. οἵ..) 3771117775-757
3111317Ῐῖ, (ggiiomasgffn§Idlywffierdffw 113. ὅιοτὲηΙΞΞὲ7τῗ1ῗιιωὶεζῖ
ιι. 517717111711171177117. 11175777 17171 111. 977 577ὓ7171575.(575.1
7177 97777177. 77171 71577 51711751777777 7717111, 1777771 ( 1. 7675.
-3635, {m ὓ717.(175.1,77575 7751 77757 777 577 11777717. 5177777,
7717117771171. nod) 717177 17717 11177. 5175715177 ub. 1777τῖ 1., 111517
11711 1. 7. 5717717757 517 gum 757 37 . 771757157 1700, 7177 1171·
57757 171711 (7716 1171171. 777171 7115 57 5717577 17175. 117777 15117 1
115 1ἓ1776-367 177 Dat 57. 117 ,1 ,0777167777771771577 s
hung 7777777777 11775771 15. ι. 517 1117151517 7177777777 7777 Qube
875777 7717571757 1700 517 fiunt me 577 berg. 77771 1770, 7. 511715
17771, 1777771 1771 111. 377 5. 7577571.) 775ι 7177 71757151 ub. &tub
11 571177 117. 5. 15771. 75171715 7. 1557711717 mut 5771. 11157751 71177717
1577771775. 17177771 ,117717715757771177771 7. 3.,1677ὲ111. 770 5. 7.
339 75571.); ,11717577 women, 7771577 777771. 7117. gu 5177577 7711
11517117777777757757 ὅθί. 370 755.1; 775175 ,5177171 777 5177
71715777577 7777777 775775770777716177777771 (5.175.
77777777 177 ᾖ 1.,,157171115117117751 11715777, 1157117); 5171177
757 ub. 517 1177175771 577 5771571177 77777575 71171777 1570

¹⁴ Α

 

