m

,1111 1111111 111 6111111111 ,1111111 11111111 valum! ,1111
111111111111111111111 1111111 111 1111111111 11111111 11111111 &ie
&mmmmmmwmwmwffim
1111111 111 1111111111 11 11111111]Ι ,811111 111 11111111111111111111
1111111111 11111111Ϋ1111 ,111111111111111111111111111 .” ,1111
11111 11811111· 11. 1. 11. 1. 1. 111. 111-111110. 111111 11111111
&timente 1111111111111111111111. meno 11111. (11111111 ,1111111
111 1111111111 11111 11111 11111111 111111111131131111111111. Do 111111
111 11111111111 Barbari 111 11111111 1111 111111 1111 11111 611111 111111
11111111 Ptolomaida ,111111 111 111111 6111111111 1111 (1111111111 111
«11111 111 111111 111 11111, 111 1111111 1111111111. 1. 1111, 111111 1111111111 ·
11111111111111111111111.11111111111111111111
1111 1111 111111111111, 1111211111 11111 1 1111 111 1111111111 1. 111111,
· 11111111111111111111111,1111.*11111 1111111111
111 111 11111111 1. 1111111111. 1111 111 111111. 1111111111 11111111
1. 6111111 1. 1111111 11111111 11111111 111 111 113-1111 11110-1111.
(11111. 1111111111 111 1111111111 11. 1111111111. 11 1111111 1111111111 111·
1111111 1111 111 11111111 dum 1111111111 11111 111 1111111 1111111111
111111111111111111111111111111111111111111115
111111 111 1111 111111111111111111 1. 1111-1115 11111111 31 ῦ11111
111111111111111.1111111111111111111
1111 1111111111 111 1111111111 111111 111111111-119. 11111 1111111
{went ,1111111 1111111 &mitat 1111 1111οέ 1111” 1111. 11111. 167.
, 1111111111111111111 1111Ι 1111611. rudet* 111 11111. 161.
,11111111 1111111111 1111111 111111111111111“ 231. 111.1 ,(111 1111111 11111
11111111. 111111111111111111111111111.” ,11111111 111 1111111111111Ἰ
,11111111111111111 11111111, 1111 11111111111111.’ , 11 11111 111 11.
11111111 11111111 11 &tab 111 41.” ,111 11111111 1111111 11111111
,ww ,11111111111111111111111111 ,11111111 1111111111111111
tm! 1111111. Ι,1111 1111111111111 111. 111ι
1111 1111111111 1111 1111111.” 111111. ,11111111 111 (11111111 111111
1111111 1111 111.1111111.” 111 11111113. ,1111 1111111111 111. 1111.
1111111111 111 &at 1111111 111 1111111111 &abet-¹⁴ 111. 11311. ,11116111
1111 111 1111111111 1111111111 (111111 11111111 1111 11111 1111111111.1
,11111111 111 111111 1111031 11111 111111 11111 111 11111 111111 1)11111.”
111111. 11111111 11111111 11 1111111111111111111111 1111 11111111.1111.’
111111. - ,111111111 11111111 1111111111 1111111111 ῧ11111111111 111
1111111111111111111.111111111.111111111113111111111 11111 111 1191.
-111 ,1111 111111111111131111111111111111111 111 11111 1111 111111
11111111 111111.” 111. 11111-1811. ,1111111111 1111111 1111111111]Ι
151 laub ,61111111 111 11111311111111 151511 111. leo-1881).
11111111 111111111111111111111111111111-1119 (p. 1. 1111 11111 1,
11111111,111111111111111111 11111111111111 11111 11111111 11111111 11111
8111, 1111111111 1111111,11111111 11, 1111111111 1111111111111111111,
1. 1111111 111 11111111 11111111, 11 1111111111ί111111111111, 111111
11111111 1. 111. 11,, 1111 1. 1111111 1111 1111111111 111 1111111111 11.
1111111111, 1111111, 1111111111 u. 1111111111 (1111111111 ’31 111-1104.
(1111111 (11111 111 1111 1111111 111 1. 3. 1549) 111 (1111111111 111 111
11111111 111 11111. 1111111 11111111 1111111 11 1111111 11131111,
111 111 111111 (111111111111111111111111111111111111111, 1111111111111
11111111 1. 1111111111.11111111 11111111111111111111111. 6111111111
11111111 1111111111 1111111 11111 111 1111Ι ,11111111 1111111 1111111

Α

11111111 11111 1111111111

 

