269

1611 111 196611-19851. 1111 316.,1111111 12 6.,1.11Ι.3179-1914,
{fit 11 Descriptio Albi Philip ici, 3 6. 111131. 3972 11. 111. 11111111
1111111 1111111 111 11111 111 111 1111111 1111111111111113. 1612.
-111111 1. 1616-20. 111. 3986. - 11111. XIV. 1. 1621-1616. 111. 3966
111111 111. 1 6. (111 11111 111111 11. 111 1 1111111 6. 111. 111111 1. 2302
111111.1111111111.111.11111.“1“ IIIII‘II
1111111 1111111. II. 1523 11111 1111111111, 111 111 1111111111 (1111111
11111111111111111111111111111111
111 beaffbfrthnssinggssgflrffifflfflg.&atagos 111111ι 11111011ξ1118111111ε111111-
1111 11111111 1.1111 1111111111111161111 1. 1. 1111111111 111111 . ,
1. 11111. XIII. (11111. 11111 11111111111111. 111111. 111 1111 e=
111111. 11111111111111), 1111111111111111111111.1111 111 11111. 1.
1. 1111111111, 1. 11111111, 1. 51111 1. 1. 1111111111 111 1111111111.
61111111 III. - 11111 11111111111111 1. 1111111111 6111111111 1111.
(1111 1. 111 111 6111111111 111 111 111. 111 1111. 11111111 11, 11111
1. 611111. XIV. (-1626)· 1111 111 111111111111111 6111111111 111
11111 1161111111111111111 1111111111. Inte bei 11111111. 1115111111
11111.(11111.1.1513-1593 11111111 1111 61111111 111 11111111 111111
3111 1111111111 11111111. 11111111 1111. 111111111111 11111111111111 1111
1111111 1111111,1111111(11111111 111 1111 111 11111111 1111111111 111111
1111111 1111111 111111 111111111 11 1111111111 61111111 111111111
1111111111 1111111111 1. 6111111111 1111111111 1111 1111111,π 1111
111, 611111111111, 11. 11111 111111 11111 1111111111 11 1111111111 11111111.
111 1111111 11111111111111 1111111. 1111111111 1111111111 111111. 11111111 1.

111. ⁵9. 1111111111 6111111, 111 1111111111 1111 111. 11111111. 111

111111111111111, 11111111. 1113111111 1111111. 1. 11111111 XII), 111111

11 1111 ubet 1111111111111111 1. 1111111111 11111 1111111111 1111111111
1. Q 1111 1111111111 (b. 311. 1111111. 1111111111 11. 11111111 1111111111
IIII? 1. 11111111. 11111 111. 111ἒ111111111111 1111111111 ΙΙ. 111. 111
(It 11111111 1. 1. 1111111111 111 11111111111611111111111181111Χ1Ι11 (fitn
{naftmffitbssicgqtgtgffttffig 11111111111111111ῗ1ῗ’3111111111 111 1111111
11111111111111111111111111111111111111111
{2222 111111 111 1. 311111111111. 1600 u. 11111 [1111191611 1111111111
Iit 111111111111111111111111111611611
1. 6111111 11111111 6 697-139. (1111 6111111111. 11 111 1111111111
1111111111 If* III 11111111111111111111111
Ins* 111. 4001-40011. 11 36. (11111111 111 1325). 111 ,111ἓ111111
111111111.11111611106111111111611,111

1111111111 1111 111 1111111111 11111111 11111 1111111111 1500. 11111131
1111 1111111 1111 Gonnnando (11111 1111111111 111 11111111 1111 1111111
91111111111 111 111 1111111111161111111, 1111111111 1111111111), 111
6111111, 1111 111 1111111111 1111 6111111 11 1111111 1111 6111111 camin
111111111 111 11111 1111111111 111 1111111111 1111111111, 1111111111 11111 111111
11111113111111111111111 111 18. 0111111111. 1627. (1111111111111111111
1111.1 1814006. ,1111 1. 111111 1111111111 31 11181111 6. 111111 11111111,
11111111 1111 311111111111161111111111111111111111 (11111111111111,

fl

 

