ἓ. 1161ῠ11ἑᾗ 1. ἶ ¹⁰¹) 011111, 11111, (1. 1111111. 111. 111-111) xm
. 1 11 . r. 13.

¹⁸⁸) 21111111,Ρ11111111Η11111111011111131111. Β1111. 1511. 111). nm:
Nr. 13. Jac. Prilusii (1131111 Pomoraniao.

11’111111111111111111111111111. 6111111111 1111111111. Edit. prino.
1111. 1111111111. 111111116111111111.1111111 1111 11111
1111111 111131111 1111111111111111 1111 11111111, 11113111111111
111 11111111 111111)

W) 1111111111, 611111, (1 15511, 111111111111 11111 1111111111 1111
111111. 111 111111 (1111111111 1. 1. 11. 111111. 1164. 1591. 111. 1631.
11111 1 111111 111 13111111.

[11111 3. 111111-111 (Q 111-1111 1. 1111. 1. 1111. Q 1111-
1119 1. 11111. 1. 161111 ,111 1111 11111111 1111 11111111 (11.
111 11111111 111 11111111111111111 1111111111 11111111111 1. 11111
1111111111 111111 1.111111111.11111.; 11. 111 §t 111 Qatnu, Qtdft·
1111·1111111.1111111111111151111111111111111
’11111 11111 111 ἐξ ί91111111 &h '3⁶⁶1193ms'ssm 11 ηε1111111 1111111 111

31111ἳί άίοτῗᾝεζ 11.1111111Ῐ1111111111ῴ11ἶυ1ῦ11Μ1ε1ι1ϊτ 1111ἱέ111111ἦοῦιῖ
1111 111 111 1111111111 1111111111, 111111 11 11 1111111111,1111 1111111
1. 1111111111 1. 111111 15111111, 1536 1311111 1111111. 11 1.1]1111111111111
111.; 1556 111131111111111111111 1111111, 11111 11 11 (111111 1111

11111 1. 1 1563 1117231111 111. 233}- 81111111 11111111 01111111. 3.
Q 113-115. 1111111. 11111. 11347-350. 1. 11 1. 1111111111 1.
Antores 1111. 1. 1111111. thmetn b. (111111. Fr. Wokenii Gol-
lectio nominum plus 1116111111, quorum alibi vel plano nulla
vel 1111111111111. edini. 17111. 1. 111111 11 11111111111111

1111. 1111111111. 131. 5. Q 131ὲ1111111111111 1111 111111 1111 11111111

1111111131111111. 111 1111. 111111. 11111111 1. 3. 1510 111
11111111 ..1111111 1. 6111111 11111111 1 1. 1. 1111111 ,11111111111111
111111 111111 111111111111111111111,1111111111111111111
1111111111111111111111113111131 1111111 111111, 1111
1111 1111111. 1111 1111111 1111111111 1111111111111111»

1111 11 1111111111 11111111 1111111.“]

1110111111, gr„ (5353.r 15301Ξ111Ί111ἔ. 1111611. 1. 1ἑ1111411ὲ1 1600(Tg 1111.
0111111118 &goffia 111111111011116111112173119111β1111ἕ11111111111111)
81111. p. 288-294. 1. 1111 Q 72.

[11111. Ρ1111111111. 1464-1500 Q 3-11 1. 1. 1111 ,116111111αὼ

111 1111ῦ111 ΙΙΙ. 1. 15111111 1111111111. u. 111 1111111111. 1. 111111

1111. 1111111111 11. 1. 1111111111 1111111 11111111. 11111 111. 111111 1.11.;

11111111 1. 1111111· 1511111111 1111111. -11111 11 1111111111 11111111

111111 1111 11111111 11111 111111 111 (1111111111 111 11. 11111111 1113111

ἔα 15101141ὲῇ , 1111 1111115. 6. 1011111111111111 1).)- 12. 16. 111.
11 1. .

¹⁰²) (11111111 111131111111111 11111 111111111111111111111 1111111111 111
11111- 111 111111111 11113111. 11111 111 1111111111. (1111111111 111111

 

