85

11111111 1. 13104119. 1111 11111111. 111. 11111. &⁴ 359-3611 1111-
11111111 111 1111111111 111 11111111 1. 1111111111. 111-41111111·
11111 (ῧ11111111. 1111111111 13111111 111111111111. 11111 11111111
1111). 131111111111. 1. 1360-1419. 4 1111111. 111111111111111. 1123.

[11111 11111111. 11111. 111111 1. 1. ὓ. 11111111610-23. 3111111111.
1111 111 111111. 1811111111. 11 11111111 1118111111. Fol. 2131. 241 11. 861.
- 111. 213. 1. 1366-1119. 11. 111, (14111), 11111 1111111111 11111111.
11111111111111111111111411111311111111111111111111
{BL 92. 99.) 1111111111111111111111 11111111111111111 119011 111
1111111111’111111111111111111111111111111111111.
11111 „Anno ,111111 1366 1111 11 1111111111111111111111 111111
111 1111 1111111 111111 111111 111 111 11 1111111113111.Ἰ 1111111111
11112 11 1113111111 111 11113. 136611 1. 11111. Θ. 29. (1111111111
111 1111 11111111 111111 1111111 11 1111111111, 11111 11111111111111111
,1111 1111111 1111111111 11111, 111, 1111 1111 1111111111, 111 111 1111111

11, 11111111 1111111111, Ι111111 1111111111 &once 11111111111111111111 111
1111111111111111. 1111111111, 111 11111 1111111111 11111111 11 111

1111111, 1111111 111111 11111111 1111, 11111111111111111111111111111)

- 111. 111. 1. 1960-’1419 ὲ94 1. 1111811), 11111111 11111 1111440

- ἕὶῗῆἓβιωΜιὲἒὲιί. t. 611111111. 112111ξὲ1113τὲ Tg 11151111ῠ1ω11ξῖ1181ι11ξξέὶ111ι111ἷ
1111111111111 111 11111. 1111111111 1111 11111111111111111111111) 1111

,111 11111111 111 111111 1111111111111 11111111 11 11111 R gates
1111111111 „Qec 1111111 111 111111 111 11111111 1111 1111

11111 11111 11111111, 11111 11111111 1111 11111111, 1111 1111311

1111111 1111111111 111111 111111 1111111111 111 111111, 11111111·
111 1111111111 11111111 11111 1111111,1111111111 1111111111 11111 11111
111111 (11111111111111ι11111111111111, 1111111111. 1111111111, 1111111111
111 111111 ς1111111 11. 1111111. 1422. — Ms. Bor. Fol. 867. 1. 1360-1419,
111111111 111 61111111 1111 111111111111111111111111111111111 111 111
1. 1111111. 1122. 111. 1111 Nr. 2. 11111111111111111111θ11ω) 11 111111
111111.1,111.11111111111-1111
11111 11 1. 11111. 1. 1111111111 (11111111 1111111111 1111111111-1111
1111111111111111111, 11111111 11111111 1 (111111.) 111111 1111111111ξ1,
111111111111111111111111,11
111 111111111111111111111111111, u. 11111111 1111 1111111111 1111111111
111111111,1111 11 111 1111111111111111 1111111111111111111 1111
111111 111 (1111111111111 1. 111111111111111111111111 11111 1111111111
11111111111111..11“111Ἷ“1ι1“11ἕ“1111111113161111111
1111111 1111 11111 111111111 11 11111111 1111111111. 1111 Wy 11111111
11111111ῑὼ 111111111111181111111111 11111 , 1111, 111 1111111111
d> gtossnnbeilfi 111 1116111111111 1111111111
Β131111111 11111111, 1111111 1111 111111 11111 11111 11111.

11111 1111111111, 11111111111 111 11ῐ1ῴ111111111ἓ11111βῃ11111181ῗ
1111 111 11111111161111 111 ὓ1111111111111111111111111111111, {1³33}AEssss
11111111 111 1. 11111111 111111111111111111111111. 1111 1111111 111, 111
1111111111111 11 1111111111 11111111,111111 1111111Θ1111111 11 Dr*
1111 11 111 1111111111111111, 11 11111111111111111111111. 11 111 61111111
1111111111, 11111 1111 111111111ίὶ111 1111111111111 1111131408 1111111111.
1111 1111111111, 111111 111 11111111. 1111111 1111111111111111111111111111

 

