501

111 1111111111, 111 11111111 111611111111 111 1111111111, 111 1111111111
11116111 ’.1111111111 111 1111111111,111 1111111111 111 111111 1111111 111
111111111. (1111 111111 1111111111 11111 1111 1111111111 11111111.Ἰ - Isti
111 1111111111 111 1111 11111111111111111111 11 11111111. 11111 1111 11111
111 1111 111. 11111111111 1111111111111111). 111. 111111-1011111,
1111111111111116111111111111111161111111111111161
111111111111 1111111 11 1111111111111. 1173. 1111111111
311111 111 &otte 11111 61111111 111 111111111” 1. 1. m.) 14 6.]

¹¹) ς111111111111111. 11411 1111 111, 1111111111 11111111. 111 17. 311111), 111
31111 111 1111111 111 1111 1111111111111111111111. 1111 8111111
11111. 1. 1. 1111111111. (11111. 6. XXXV.

Waltz 1111-111. 111 1111 1111111111. 11111. 1771-11141111
1 11 Nr. 11.) 1111111111 6111111111 31111111 111. 411-141.
1111 1111111111 1111111111. (111111. 1114-1466. 1111111111 111.
Nr.V.); 111141-111111111111111 111 (I 111. 111 11111111·
11111111111111.111111. ,11111111
111111 111 111 111111, 11 11111 111 111111111111 1111111111 11 1111111111
1111111111 111111 111111 111 111111. 1111 11111 11. 1111 111 11111 111111.
11131111111111111111. - 11111 11111 111 1111111111111111111111111111,
111 11111 1111 1111111111 11111111. 11. 11111111 1111 11111111111111.
Ῑ11111111Β61ἒ1ῒ1111 1111111111111 1111 11111111111 11 1111111111111-
111 111 .

¹¹) 11111111111111111. 11411 (114 111), 1151 111 11111111 8111111. 111. 111
1111111111111. 1. 1111111111. (11111. 6. XXXV. '

[1111 1111111111. 111 1111111111. 11111111 1111111111, 111111 1116111 111
11. 3111111 1111 61111 111 11 2 1111111111 1111111111. - 3111111 111. la
’151111111111111111111311111111111511.111ῗῖ111
11111 6111111111 11111111. §grona 11. 111111 111111. 111111
111. 1101-1111, 61111111111 1111111111]

1’)11)11)1111111111111. In 111, 1111 1. mustum: ,11111111111111111 Oro·
nica“‚ 1111 1111116111. 1111111111, 6111111111. 1111111111111111.
1111. 1111111 11111111 1. 1. 1111111111. 111111. 6. XL.

[3111111 1.1111111111111111111111111111111. 1111111111. 1771-
1124. (b. 111111 111. 11111. 1111111111). 6-1-87. 1. 111 111111·
IIII? 1111111111 1111111111111111111*1111111111
Q 111-111]

¹⁴) ς1111111111111111. 11111111 Q. (111 11111111111111111. 1111111111 11111,
1111 11111111 1111111111), 111. 1111111111. 19, 1111131111111111111.
1111111111. 1111111111 111111111111 1111111 Johann 1111111111111111111 1111111111
Jodoco 1111111111 Detten. 1111111 westph. Ifflckkkvnl.)

[31111111 1. 1111111111 11111111111111 (Κ1111111111111, 11111111111111,
Korssonbroch3 111 1111111111, 1111111ἑ111111 311111, 11113. 1113, mit
1111111 (11111113111111111, 11111111 111 111 1111111111, 1111111111
(1111111111 111 11111111111111111 11111111, 1. 111111. 1114, 1. 1111111
1111 1111111111111 1., 1111111111 11111 1. 11 1111111111 611111ὂὶ1111,
11111111111111111111·111-111. II?
111 1111111111 6111111111, 111 maniaverat& 11111111111111111
6111111111 111 1111111111111111111111 In 11111111 1111 1111 11111111 111111.

 

