149

1. 1616111. 91 9111111 1111111, 11111 1119111111 111 1. 1111111111 nuel·
111111 1111111111111111(19111111. 10.Nr. 69) 1111111111 1111-
19, 44, 45, 46, 47, 98, 81, 86, 97, 88, 111 11111111111111111.
1111111821)11111111111111111111919111(1195)11.1.117199,
111111 111119119 11111111 1111111111111311111 1111 111 11111111 1. 1111 111111
11111119111911111111. 111 1111 1111111111. 1111919111 11111 11111111
1111111 111 1111 11111111 1111111 (111111. 1111111111 111111119111
11111. 1. 111111191191. 1111111. 1111111111 (191, 1111 1. 10.
Nr. 71) 11. l. Θ. 116-146 9111111111.

111911111111111111111111 111 1111111111111111. 1111111111.
(1111111111 1119111 111 11911111 955 11 111111111111111131111111.
11111; 111111 11111111 111 1111111 1. 1111111111111111111111111111111111
111 11111191111191111119111 1111 111 11111111111 1111191111 11111 11 111111,
1. 1111 111 (11111111 111911111 9111111111611111111911111 111111111 1111 11
1111111111911(11111111111111 111 11111111 11111 111111111111111111111
111111111111 1111111111. (1191111111 11111191111 111111111; 111911111111,
111111 11 1111 11111. 11 11111191111111911 111 1111191111 1111119111111
11111111 1111111. 1111 1111119111 111111111111111111111111. (11111111
1111, 111 9111111 111191111111 111 111111111111111119 9191191 1. 111111 11111
11111111 111 11111111 1111111 1119111911 9111111111 1111111119 9111111 111,
111 51111111 11111111 (1567 91111. 1, 9111111191 1113. 16541111 111
11111). &eine 1111111111 1111 91111111 111 Hartzheim's Biblioth. colon.
9169,11111111111115, 111111111111111.1411111
1111111 1. 11111111 1. 111111. 1111. 1.999-995.

¹) ς11111111111111. 111111. (119 11111.; 111 1111111111 1111111 9111111111),

1111111111 574, 11111,1111191,11111111.91111111111111111111·
’ 1111 111.)
1111111 1.,11111111111111111111(,,111111111111Ὶί 11111111.1111111’1
1111111111111.1616.1111.4·,111111 111111111111111111111111446)
(111111111111111111111-1112 ἐ1111. 1111111111111 111.
111. 1,1 1119111111( 11111. 131.- 11111111 1117
11111111111111111111119119111111111111111(11111111111111
1111117 1 1111111111 1111111111111,11111 1111 1111111 1111111
11111111 111 111 1111111111 111 (111111. 11919111111111111911 111.
(111111111111191111111111111111111119111111111,111,111111111111111
1114411111. 11. 1113114311. 19091.111111111111.115211.1490
11111, 471111. 1. 11. 49111111 1119. 3. 13891111. 111111, 1911
1111111111. 1.1.11.-..1111111111911

11111 11111 1111111111111- 11111·11111111111 111111 u 1 11 111111
11111. (11111111. 11. 111111111111119

111 ³ 1111111111.1111111111111

1111111111 1111 111111. (11., 11. 1111111. 1191119119111 111111111,
11111111.1111111119111 111 alten 1111111. 114-11 (1111111111 911
11111) 01111111111111 Fundatio Urbis 111111111111111.1 [1. 1,
11, 1111111191 111 &t 1111111111,11.11111111 111 (11111111 11111
311119111111111111,11111111111911111111111,1111111111-

111111111111111111,11111 1111 111 111111 11111111111111111
118- 9ο1111,0111111111“ [1.1.11.11111111111911111111191111
9111111111111111,1111111111911, 111111111111111111191111111

 

