Planius 16. 311111111111. 1. 311. 3. 1. 311·

11111111 145. 1111. 1111111.) 166. 173. 131.

11111111 cygni 31111111. 111. 46. Ρ111111111161. 376.

0. Plinius 811. 47. 151. Priger 401 11.

Poma, Joh. do 451. 417. Ρ111111111,111111. 31.

Poeta Saxo 451. 343. Presbyter Β11111111110.34.113.317.

111,1111.135-137.313. - moguntinus 451.

Polo, Paul 111 fg. 1111111111. - 31111111111101111

1111 111111. 311111. 1. 131111 1. 111. (1.1. 1. 3111111111 111111.) 73.
11111111 1. 311111 170 fg. -11113111111111111111111 111. (111

Ρ11111111, Weichard de 343. 1100-1130) 10711. - 11111111

1111111111111. 111. fi. 1111111111. 11111111 11 1111111111 11111111 11111111

Polydamas 303. 111 (1. 1. 1111111111) 76- nu

Pomarius (chron. 1. ῧ111111) 63. 313. grosse liedt 1111111111111111111.
(11111111. 111111) 333. 364. 75.

311 111111111111111111 (1.1. 1. 111. 11111111 151. 164.
1111111111111111111111 11. 111 11111111111111111.1.1.ὓ1πι11111111.
3111111111111111111111137-101. v. Pr.) 15.

1111111111,11111111111111111111111. Probus, 41111. 41.
11.1.1.3111111.1)111111.)165. 133. Procopius 313. 375. 161. 113.

189· v. 1111111111 311.
1110011101 111111. 1. 3111111111 Prudentius 111111. 1111114. 6. Anu.

101-103. Β11111111111.
1111111111 descriptio 173. 174. - (11.1)1011111111141. 143311333313.

13111111111111111111. 111111. 611111 475.
1. 1. 11. 313111111111111111111111111. 11111111317.

- 1111111111.1.11111111111.Θ11111 111111111111111111. Q 1111111111 do
11 1111111111 374. - 11111 31111111 1111111.
1111111116111111 111 1111113111· 1111111111 b. Dobn. 301 fg. 311. 311.

111-1111111111. 1. 11. 166. b. 1111111. 301. - Continuat. 311.
1111111111 11111111 1111111111, 111111»

11111) 1. 1. 1. 31111111. 111111· ὓ·

11111. ὓ1111111111111 1111111. 331-331.

- 11111111111111111111111115111 11111111111111111.413-411.

111 1. 1111111111 11. 1. 3111· 11111111(111111111101111111111111111
1111111111 1111111.) 163 fg. 361.
- 111111. 1.(11111111111 1. (111111.
1. 1111. 1111111111111111111· ffl-
1111111111 163 11. 1111111111,Ρ11111. Θ. Ρ111111111111111.
·- 1111111111. 1. 11. 1.1. 311111. 1111111111 115 11.
111111111111111131111 1111111111 161. 163. 300. 337. -
11. 1. 11. 111111174 11.
- 1111111111. 1. 1. 11111111. 1111 1111111111.
11111111. 1111111111 174 (311111. 1. 3.). 177.
1114 111111 1111111 1. 1. 11111111111 11. 111111163-131.313.

 

