155555 5551551555 5115555515555155555555555 (5 Θ.) 5511155555. Anno.
1593.” 11. 4. 115551. Kfister's Bibl. histor. Brand. p. 339-341.

[1155 Br. 551551 515 (5555. 5. 511551 11555555. 555 555 51155155 351155
515 5555 19. 3551 1592. 5115115515 ’5551115555 5155151555 5. 511555.
1555555. 61111555 5. 151551 5555) 15515515 Ι. 1515 51155551515155555.
&1-31. 5555551551. 5155155555 ὓ. 31-57. 5151555555 1155155155
Q 58-68. 55555555. 515514 Θ. 68-63. 55555155 1. 5. 3511555 6. 83
-95, 5151555155 ΙΙ. Ε. 96-105. 11155551 1155111. Q 105-111. 355555
&a ὕ. 111-116. 30515151 l. Θ. 116-132. 30111ξὶ51 II. &132-156.
355555 515555 Θ. 157-179.) Α. 51551 51555 51515 1555155155 555 5555
5555. &eim 515 555 551 551555 1155155555 (Qut, 355155 5. 5555
115555 51551 515555, 5555 5555 555 5555515111555 5515515 55511115 155555
51555, 15155 51 5511155 5555555515 5555 5155555515 5555155111555555.
1115 5555 151 115555 515551151155.Λ1155555155,5551551 55555 555 1155555
555 1151555555111555515 5. 5555555555 555 51555155 5. 55555 115555, 555
’ 11155155 55 515 5555155555 1115155555, 515 551555551155155551515
11151111111511111111111“111111111’515111151111511111
αἳᾞιιὲἷιξιὲἑῖι, Μὲωξὲξιςξι 511115Ιί1111ῐ115ῗ ῐηὲιῗιῧιῑὲἱξιῑθιῗ.ωὲτιῗ5ῗ.’ ιιῗῦῐῐιὲῗξιιᾶ)
1555 (1555515555 555 555 1115555555 555 511515 5155 55151 155515551-
&ciue Duellen 5551555 5551 5515511155 55515551 16. 35555555. 55, 1515
1155555551555551464),1155511555151533), 1111551511155
515 555 2. 551115 555 16. 35555), 5155551555 55 1584), 950. (1555
15155 († 1600), (555555 55 1586), 511. 5. 51515151 15 1579),
51.85551555(515715555515555,35555(5157551115515555

51517) u. 5555. 5551555555, 1155115 55 551615), 8555555 15 1606),
111511551155555115 (um 1510), 551551. 5115155155 551555), 51555155
555 551479), 1115555155 55551580),51515.111515555155 (51595),

&ab 555 (5 1560), 55115515 (5 1515), 15555555 (um 1580)
51155555. 115555. 5. 11. 111555 511515 5551551151 55 515 11555555 555
(555511, 355155, 55151555, 1155115 55 ιι. 1155511555. ‘Det
1155555, 5155 55515555115555555555 (55) 5 ,5511) 555 111. &minua
151515. 11555551. 51555 515 511551 55555555, 515551 55111515 ,555 555
5155555511, 515555, 151155 5551111555 555 151551 1155555555, 55
15551155 555 55555 15555515 &abina 1155555555555551 15 1551515555
&prumea gestesset: 51555515 5555 555 51515555 5151555515 15 515 55551555
5551551551] (5155551155551555155555 555 Breviarum 511555

²⁰) 53555515. 'Annales 11555155 5555555555, 555151 1355511155 11555515
5555 555 555555515555 555 5155555155 555 5555555555155155 5111155115 5555
3555555515155 555 5151551551, 55 55) 555 416. 35555 555 5551511 11155551, 515
55555 1596. 3555 15 5555515515515555 115555555555,555 5555 5555555555
555555 555 5551155515, 555 51555 55 5555 5555555 555 5555155555 55555.
5155 515155 5155551551555 5551555155555 11155555, 5551) 555 55555155 55
155555 555 515155 51155 monumentis, 5555555555155555 555 5555555555.
stud) 511 515155 5111551555 555 5155555 55515551, 555 5511 515555 55111555
55555 555 55511555 1115515155 55555551, 55555 Μ. Andream Angelum,
Struthiomontanum. 115 (5555 15151555555551, 515 55555555 555 5155515555
55 5155555551 5. 5. ὓ, 555551155555555 55 55555555 Item, 515 Sup-
5155555 5555 5555555555 555 5115155555 555 511551115535555555155

’ 155, 555 551555 555 1596. 55555, 515 555 555115511155551 (515 5. 561155.)
515555 1598. 2155555. 5453 5.) 5555515551 5. 5. ὓ. 15985 551.

 

