Ι

vn

im 31111111 11111111111111111, 111 1111111111 1111 1111111111 111 1111111111
1111111111 1111, 11111111111111111 11111111111111111111111, 111 11111111, 1111111
1111111 1111111111 1111111, 111 1111111 1111 1111111 111111 1111111111
1111111111 1111111, 1111 111111111ἰά1 1111111111. 311 11111111 1111111 1111
1111 111111111111111111111111111 111111111111111111111111 1111111 111111
1111, 1011111111111111111111,111111111111111111111, 111·
1111111111, 111111111111111, 111111111111111,11111111111,
11111111 1111111111, 1 11111111 111 11111111 1111111111111111111111
111111 31111111 11111 gum 1111111 111111 1111111111, 1111111111 1111111111 11111,
111 1111111 1111 1111111 1111111111 1111111 1111111, 1111 1. 11. 111111,
11111111, 111 11111111 11111111 Chronic. Dominicanorum in Tremonit,
Origines et Notitia lib. imper. Tremoniae, 11111111 u. 3111. 1111·
111111, Detm. Mfilheri chron. Tremon. per Corn. Mevium in
epitomen redactum, 1111 111111 1111111111. 111111. 111 1111111111.
11111 11111111 1111111 1111111, 11111 111111 111111 11111111111111111111111. -
1111111 111 1111111 1111111111 11111111 1111 11111111111111 111 11111111.
31111111111111111111111111111 11111111, 111111111111 111θ1111111111111
ἓ111111111 11111111, 111111 1111111111 111111111111111111111111111, 1111111
11111111 311111, mit einer 11111 111111 111111111111111 1111111111111
1111 1111111111111111111111 1111111111 111111, 1111111111 1111111111 111111
1111111111. Sd) 11111 1111 1111111 1111111111 1111111111111111111, 111 11111
1111111111 11111 1111111111 11111111 111111, 111 11111111 21 1111111111ῐί1
11111111, 11111111 11111111 1111 1111111111 111 1111111111, 1 gut
1111111111 1111111111 111 111 11111111 1111 111 111 1111111 1111111111 111111·
11111111 11 11111111 1111111111 Annales 0111111111,1111 1111111 1111·
111 111 1111 1111111 1111111111 111 11111111. 11111111 1111111111111 .
11111111, 1111111 15 1111111111 111 1111111111 111 11111 111111 111111, 111
111 111 1111111 1111111111 11111 111111111 111, 1111 111 1111 1111111 111.
11111111 1111 (111111, 11131111. 1111. 11111111 111111 1111111181111111
Pomeranious‚ 1111111. 1. 1111111111, 1111111111 11111111. 1111111,
1111111111, 111 111 1111 1111 11111111111111111111 1111111111
Genealogia Ducum Pomeraniae 11111. ab 11111111111,
1111111111 1111111111. 1. 1111111111111 1111111111. 111111, 111, ob·
11111111 11111111 111111, 11111 11111111111111111111 11, 1111111111111
11111111, 1 1111111111 11111111111111 1111 11111111 111 11111 11111111
1111111111 1111111111 111 111111111111 Ω1111111111111 (1111111,
11111111111111111 111111 1111111 11111113 1111 1311111111111111 11111111 ,-
111 11111111 11, 1111. 111111 111111111111111111111111111 1111 111 1111111111

 

