1153

1111111 1331),1319,1331; 3111111111, 1111111 1111111111111 111
111 111 11. 1111111111 1371,111 1111111111 111111 11 1111111111111111111
1111111 (11111 1111111. 1111111111, 311111 1111111111111 111 1. 3111111
1111111111, 1111111111 1. 3111111 1. 311111, 11111111131113111131 11
11111. 1. 111111 1347,1331, 1376 1331111131111111111. 1111311111
13761. 1373, 1111 (11111 1111111111 1. 11111, 1. 1111. 1. 311111 1. 1. (111.
1. 311111 1377,11111)1111111 1. 1111111111 ιι. 111111 111. 31111111 1373;
1111311111 13111.1316,111111466) 111311 11111 111 311. 1. 111111
11111 1. 1111 1111 11 1ιι1.11111111,111(111111 1. 1111111111 113 3.
31111 1v. 1. 111 3111111111 (1111111111 11311111. 1377 1. 73, 11111111 111·
1111131331 (1111111, 1111111111111 11111 31111111, 11111) 1. 1111 111111

111. 11111111111111111111111113111111311. 1331, 111111 111 111 3111
111113, 111111 11111 1111113, 1111. 6111111111). 3111111111 11111
ἑῷ 1111 111111 11111111. 11111 111111 11111 111111 31111111 11. 111111

11111 1. 1111111111, 1111 11. 1311111111 11111 1111. (1111111111 1370
111131111111111113 111111. 1. 11111111, 31111111 611111111111111
1111111111, 31111 (1. 1316, 311111111ιὶ1 1111111119), &pst
.11111·.111.111111.1111111131111,13
111 1111. 1ἡῒ1111ῒ11111ἳι1. 13Ξ10, ἓ1111111.1111111111,11111ζ.911111
. 11111113331111..31111131131131..111
111131111111111111111111 1131313·
111. 1111111111 111. 311111 1331 1111 1111. Q, 1111 111. 1111111111 1.
3111 1. 1113111111 1377311. 1301111. 1. 131 111 1 Q, 11111111·
1111 1. 3111111. 1. 11. 1373 111. 1311111. 1131 111 1 &3 1111111111
13113333111313133131133313113.ῗὲ1133113131
11111111 111. 1111111. 1. 111 1111 Q). 111 111111 1111 1111 11131111

1. 111 1111111 11111 111 111 1111111111. 111 1111111 11111111. 1111111
11311111. 1373 ⁵ 1. 1311111. 1 Θ), 11. 111111111111111111 111311·
1111111111 1111 1111111. 1331 1. 113 adv. 1. 117 1111. 1 61111. 111
{Ingenuum 11 1111111. 1. 1133111111. 1111111111 1. 1331, 1. 11. 111
111111111111111 ..11111111
11111. 1331 11111 1111111131. 1111111. 1. 119 adv. 1111 1 2
11 11111111111111111111111111111111111111111111111111 ; 1
1111 111 111 11111111 111111 311111 111 1111111111 fib. 113 1431111111.
111 (1111 111 31111. ιι. 11111 1111 111 111 111 1111 13. 31111111, 11311
1111 111 11111111 111111, 11. 1371, 11111 1111111 111 111. 113 11111111.
1111111111 11111111 -ιιιιι 311111111111111111. 11131. 1113 1111111 111
11111 1. 1333 ιι. 1111111111. 11311111 1. 1361 ιι. 1303111311. 1243
1. 1313, 1313, 13191. 1334 aufffl[.1251dv.; 1. 1341 1361, 13631.
1371 111111. 113; 1. 1334 111 31. 133 - 1111 11111 11 1111111111 111111
11111 111113111311111, 1111111311 1111111111 1 11111111.Κ1111ι-
33111111133311.111313133133111111111
111111 111111. 11111. Bonus. 01111. 19 11111131, 111111111111 1111111
1· 1191, 11111111, 1311, 11131. ιιι 111 1. 1111 u. 1111 111 1111
adm 1. 131111.311111.111111., 1. 1411, 1111, 1131 111311. 113·
1· 1111, 1144, 1131, 11111111, 11111411 11131111 11141
1349, 1351, 1353 11111 311. 127; 3111111111 IV., 1. 1358, 1370, 1353
1111111111 111 31311111. 11111 111 11111. 1. 1111111111.,1. 1377 111
111. 130; 1· 1311 u. 1111 111111. 13ι; 1. 137111131111ς 1. 1111

111 311. 133. 311111 Voss 11111 111 11111111 1. 1491, 1311, 13131.
Ι

 

