171

sstitq 11111111 11111111 111 11111111. 1. 1111 111111ξ 1. 111111 (1111
turm 1111 1111 11111111 111111111111111111111111111 11111 1111111111
1111111111, {rentum-..Q 111, 111111, 11111111, (Ξῗαῌὲιέἰ 111 ἓξὲξ,
ἷὲιιῧὲτ1ἒξ1ι1ἒη11.αῃξ1 (Γξ74δ1. Ι1511ῗ11ἴ ’1111911111ῗ ’11111111111111111ΒὲΙ 111111
11111119-1211. 111 111111111111111111111 111 1111111111 111 1111

{rufinum 1. 1436-98 (1111111 11111111111111111111, 111 111111

111111111111ξ111. 1111 111111 1111111111, 111111 111. 111 1111111 3111. ’
1111111111,111111111111 ub. 111 11111111111111111 11 ξ11111111 1523.
111. 134 111. 1. ub. 111 (111 1111111111 1523 11111111 11111; 111111 11111
111111139-149111 (1111111111 111 berg. 111111 1. 11111111 111 ur
11111111111111 11111 1111111111 1. 1111111111 1532 1111111111 (11111111
11111 111111111111 11111111 111 berg. 11111. 111143-145. 6111111,
11111111111111111111111111111111111111.111111111111
{trimum n.j)t'egitunge. (11111 ffibe 111 111811111111 111111 111111
111111 11111111111111111. 11111111 111111111111111111
111 111 11111113111111111111111 1. 1198-1523 11111111 1. 1111111
11111111111111111111311111
1111111 11111111 1111111). 1. ς1111111. 1111. 172-1731. 611111 11. 11811
’11111111 1111111111 11111 11111111111111111.111
11ῗὶ111 1111111111 11111 6111111111 1111 31111111 I. 1. 111111 Bo:
111111111111111111111111111·1111
231ἆ111111111111 1111 11113311 111. 17911). 111111111111111. 17911-206
1111, 111111ᾱ1111111δ11τέθ121ἒ 111111 1111111111 111. 2. Θ. 353-334 1111
1ῧ11111 1111111111111111111111111111 1. 1. 11. 111193-199111111111
11111111 111 (1111111111 1111111111 . 111 111111 111111 1111 11111111
1111111 1111 111 1111111111 11. 1. 1111111 1111 111 111111 111 111 11111111
11113.1473; 1131111. guin 111 111111111111111111 111111 1. p.
11111111111111111...1111111111111111111ηιξ 111111
11 11111111111111 1111 16111111 1111191111 11
1. 1,1111111 111111111111111111111111111111111111191111
11 1111111111 11111111” 111 1512 - 111 11111111 (11111111 111 111
1471 (1111111111, 11 1111111111 1. 1111111 1111111 tren 111111111111111
Qum, 111 111 11111111. 11111111 111 111111111111111 111
ἓτ11111111ε 614-13 111 (111 [gu 1111 11111111111111 Ι1111111 11 &ub
1 1111131461 Q 19-22111 1111111111111111111111.) (23. 1-23

11111. 1111111111 111 11111111 (111111

111111 11111111111111111
111111 1 111 tomen! Θ. 21-47. 11111 1111111111 ὓ111
finget, &mermi 111 111 6111111111. 1453. 111111111111111 111 1.
1111 111. 1111111111. 15. 47—55. 51111 1111Θ11111111. 1111111,
mit 11111111111111111111 11111111. 1117711111111111”
1. 1. 11. (11111111 11111111111111. ,1111 11111 1111111 1111 11111111 11111
111111111111 111771 1111493. 1111111 111111 111 ⁵ 1111111111
&e 1111111111 111 1519 11, 1. 1111 1111 1111111 1111117-1414, 111
1111111111111111111111111111111

11111111. 11111111111111 W 1 1111111 1. 1. 0. 11. 721.

 

