’ 11111111 31 5111111, 11111111 1111111111 111 81111111, 1111111
ὕ1111111111131111 1111111111 1111111ῐῦ0110 111 OLEMTZEN, 8111111,
1111111. 1111111 111 31 Pinnow 3131111511 (1111111111. 1. 111. 111
11111, 111111 111. Bor. 111. 117). 31 111. 3111111453. 111 (1111 111111.
1111111111111111,11111111111111111111111111111111111
1111, Qtum 11111111111111111111111111111111.-,---11111
111111 - - 111 31 11111111 111 1111111111 1. 1. 11.’; 11 1111111.
1111. 133 (1111 111111. 1111111111 ,1111 111111111111111111111
11111 - - 1111111111 - - - 1111111111 1. 1. m!- - 1111111111
1111111111 1111111 111111111111111111111. 1111111111 111 Qunam
1111 11111111, 1111 1. Q 11111. Bor. 111. 117. 1. 1111. 11111. 1. 1111111
, (30 111.) 11111111 11111111. 1. (11111111 111111. Annales Pomenniao,
11111111. ,1111 11111111 1111111111 6111111 1.(.11.” 1. 1. 3. 11111
111111.111111111111111111111. 1111 Nr. 4. Q 165 11.); 11111.
1111111. 13111111111111111111111 11111011 Annal. Pomorum, {bs
11111111 111 1. 1111111111. 1111111 1. 111 311111111111111111.
1111111111 (1. 1111 Q 173 Nr. 10 1. 11111); 11 111. Β11. 111. 133.
11111.1111.3.1.4.11111111111.11111111(111 111111111111111
Q 173 Nr. 8); 111 11111111. 1111. 1. Qtettin 111111111 111111 111111.
11111111 (1. 1111 Q165. 111. 2); 11 11111. 111 Qtettin. 1111111111111
1111 1. 11111111.111111111; 11111. Diem. 0. 111. 16. (111-191),
111. Bor. Fol. 453. (111. 41-06) 1. 111. Bor. 111. 114. 11. 6111111111
11111. (Q 41-97) 111 1. 1111. 11111. 1. 1111111 111 1. 1111111111
11111111111111111111,111 11111111111111111111131111
111111111111111111111 (Ῑ. 1111 1115. Q 166111). 1111111 11111111.
111 1111111111. 1111111111, 11111 111 11111111111,11111111(11 (111
1111111) 11 1. 1111111111 11111. 1. 6111111, in 1. 1111111. 1. 11 1. 11111111.
1111111111. 1. 1.

[1111 111111 111 111 1111111. 11111111 111111 111 11111.1111111111 111
1. 11111111 3111 11 111 1111111111 XI. 11 . 1571 (1.1. 71. 11
111111 111111111111111111111111111111111111111111·
1111111346. 11111.) - 111. 111111111111111111111 111 111111, 111
1111111111 111 1111111 1. 11111 11111113111,1111111111111111
1. 11111111,111111 111. 111 1111111111 111 1111111 11 11111. - 11
1111111111 11111. (0. Q 47-80) 111 1111 11111. 111111111113. 1107
11 1111 111111. 611111 111 11111111 11111111 1111· 1. 11111111111111 u.
11111111, 111 111 41111111111111111 1. 111111111111111 1111.
1571 1111111, 1111 1111111111 1111111111 111 11111111, 11111 1111111111
1. 1111111111, 11111 (1111111111 1. 1111111, 11111 111 1111111111, 1.
ἓ1ἑὶ11η 1611ᾗ Ῠ111ῃό1111111111011191111111 11111β111 111111, 1111)(1111111191111
⁴ 111111 1111111111. 11111111, 1111 11111111 1 1.,·
1111111111 1560) 1 Q (111 11111 1., 1111111111. 1111111111, 111
1 111111 11 11111111. 111111, ub. 11111111, 1111 11111111 1111
Θ1111111111.,1.11111 1111111111, 111 11111111 111 1111111111
11. 111 111. 11111111, 111 11 11111111. 1550 Q 47-55. ,11111111
1111111111 11311ἣ111 Ι6111111111 11 1111111111 111 111111 1. 1111111111
11111111111111111111ἵέ 1111111111111111111

 

