22

— (1111111. HL: 1. Abrah. (11111111(Ξ1111111111111111111111. 611111
oratio 111 vita et obituRichard. Schulonburgii (111111 Frcf. 1601. 4)
1..1ο.1ῗ·111.11111111111111111 1111111Θ11111111111111111. mm

111111 11111. 111 11111111 &athelmum 4. 1111111111 111 11111111·
11 (11111 1111111. 1111111111 111 111111111111111. 111111111111111111
gu Dstetbutg. 6. E 1111111 et emtaghm m templo Manano Palaeo

oluell. 7 J0.C0nr. 1111111111 111111.11111.1)11111.8.1)11
1111. 1111111111111 111111111111 Steindahliensium. 1101111111
tiones ministerii ecclesiae 'l'angraemundensis. 111. 11. 111. 11111111
1111111111 111 11111 1111111111. 11.11]111111111111111111 111 1111
1111111 dea 1121]
1) {iulum (1. (ἶ, Arzstsiqilgzagsffangfrmssndenses' 3111111111ἱξεῑὲ Czsop
omrem 's' ’ 11111 1111111111 enses, 1 e
(11111111 11161111, 11111 111111111 111 1111 11111111111111111, 111111
1111 3111111111111111, 1. 1111 111111 1111111111 6111111111111111
1111111 (4 11111111 1111111111. 111 5111 1111 64 (mest). 11111111
1111111111 (11111609) 111111111111111111111111111, 11111111 11
11111111111111111111111 1131111111 111 &mbr 111111111111111 111
111 111111111111111111111111 111 111618 1111 111111111111111 111111111
111 6111111111 1111111111111111, 111 1111 1111111113111 111 Α. 1651 1
51111111 111111,11 11111 (31111. 11 87 1Ξ111.1; 11111111 111111 1111111
111 1111111111 1111111 1111111111. (1.11. 311. 1111111111 6111111111
. a. 1609. 111 (1111111111 111 111111 &mule 11111111 11111. Gausau'
Progr. in memoriam incendii Tangmemundeusis3 3. 11. Jo. Ebelingii Progr
de Jubilaeo Lutherano Tangmemundensibus fatali3 4. G. G. Kfisteri Progr
in memoriam legati Dfisteriani.) 111111111111111111 11111111
111111111, 11111111 111 1111111111111111 111111 &abt 1111111111 &tri
111111, (1111111111111111111 111111111 11 111111111111111, Pagis 1111111
1111111, 111111 11 111111111111111 1111111111. &thulen 111111111111111111
111111111111, 11111111111111, 1. 111 111111111111111111111111 1111111
. 111 11111111, 1111 (1111111 111111, 11. 1111111 1111111111111111111111111
111111 Inspection 1111111111 1111111111, 1111 111 1111 11111 1111 11111111 11111
11111111 1111111119111111111111111111 1111111111 1111111 11111. 1111 11111
1111 111111111111, 111111 mren 1111111111111111111111 1111111111111
1111111 111111111111111111111 u. 1111111111 11111111 111 131111. 11. 19
6111). 1111111 1729. 4.

111. (1111111111111 u. ὓ11ςι1111111ε1111111111 11 1111111111 ἇ166
11311111111111111111111111111·111111111111

1111 11111, 1111 1111111111111111111111111 1111111111111111 111111
1111 1111111111111111111111 u. 1111111111 111 111 111111111111111111

1111 111 11111111 1111111111 1611111111. 1. 111 1. 111111111111111 11·
1111111111 11111111. (111 11111. 111 (11111111 111 111111 111·
11111111 1. 11 111 111 1111111111 Ι. 1. 3111111 14153 111. 3. 111 111111
1. 111111 111111. 111111 111 3111111111 1111111111111 1111111111 1. 111 11
111111 11111111.) 1111 1111111111 1111 111 1. 111111111. 31 111111
111111 1111111 111Ω11111111111 1111 eben. H.'s annales 111111111111111·
,1111111111 1636 u. 1651. 4. 11111ἕ111111111 Progr. (11 Gasp. Hel
monci annalibus Tangraomundomibus, 11 11111111 (1111111. opusc. hi

 

 

