111. 111 11111 11111111. (neb. 111 11111181111111111 1111111111 u. 1.
111111111111111 (11111111111111. 1. Q 1-1· 1111111111116111111. 116 1 ἂι
11111 1111111116 1. 1. 111. 111 11111111 1. 111111, 111,

111 111111111111111111111111111111 111111θ1 tteeitbe guma 2⁰31&
1111111 111 1). 1111111111 1. 111 1111111111 11111111. 1111 1111111 Q 13
111111111111111111111111111111
1111111111Ὗ11 1111111·311111111111131111111
11111 01111111 t) ‚40-443 1111. Q 44 11· 61111111 1316
1111111 .46; 111111111. † 1345 Q 4⁷3 1111111111 1111111111 1319-
1336 610-13111111111 111. Q 11-51 [6111111111 thtnu, 11111111
11111111 111. 11111111 1. 1161111111 11111111111111111 1. Q 11111
11111 1. 1111111111. mtto& 11111111 Q 60 11· 1111611161111. .69;
11111111. 6. 11 1., 11111 1. 6. 11 f .· 11 1111111116111111.
61111111 14541. 1118. Q 94-993 Dtto ‚1 100 101 106 Qun
1511111111111 1. 6111111 Q. 106. 111. 11111111111811111111611 111
11111113111111311111111111.1111111111ὶῖἶῖ
11111111111.111111 (11111111 1. 11111 1111 1111111111· 1111111 15001
1111111111 1. (1111ε 1. 6111111111 1. 1111113. &offlam Qtttit 1111
61111111 1111111111 1111τ; 111111111111111111]ῧ.136-131.14ο.
146-151 1111111111. . 141; 1111111111111191ἕ. 111-1471 1111111.
111111111111111·111111111111111111111311
1111· 11111111 1111111111 1529 1. 3. Q 20 11.; 111111-111111111
1534 Q). 2. Q 38 111 111111.1111111111111111111666 Q 61 111 fib.
11111111 Q 71—73. loo—1033 111 1111111111 11111111 111111111111
111111 11111 1. 1101-1666 Q 74-63; 311. 3111111 11111111 1111 1511
Q 89-923 (11111 1111111 11531 Q 1393 311111π 1111111111 Q 1117.
115. 159-167. [. 1111111 1 11111 111 3. 1600 1161111111· 1111111 111.
1111111111111, 1111111, pente 1111, 111; 11611111. 1111111111. 116
111111111111111116 16131. 1. 11111111161111. 3. 111-11411 Qu
111111 16031. 1605. Q 13. 36-36.· 111111111611111. [11611111. ub. 1.
811111111111 1605 1. 111. 1. 1111111111] Q 30-36.42-10. &firm

· 1111111111 111111 11111111 11111111111111 111111111 1111111. (1111111

111111 1. Quum 6138-40. 11111111 1111111116 1606 Q 51-54.
11111111 ΙΙ. [1111111 1111; (111111111111 mit 11111111 1111111111111111;
11111111 mit Qtettin 1612] Q 66-61. 64.-71. 66-93. 1111111116
(1111111111 1111111111 1. ,1111111111 1610 Q 66 11. 1111111111 111111
11111111111111611.1]1111111616131ῧ.104-1061. Qte 1 1111111
ub. 1111111111 116 11 111 1111111 116 16. 31111. 1111111111 111 111111
1111111 111 ubet 111 1111111111111111 1111111 111111111111111111111111
maten. 11111 11111111 111 1111111111 111111 116111111111 1111111111
111 1111111111 1111111111 61111116 11111111111 1. 11111 1111111111
,1111111111 111 1111111111 11111111ῴί111 1111111116 1. 111111111 1. Qtten
11111 gen 1111111111 [111. 1. Q 11. 1. Q 73-65. 11116. 11 11.
16-11. 11-31. 36-31.41-46.51-51.111-1111111 01111 11111
1111 1111 11. 11111 111 1111111111 111. bie 1111111111111111111 111 1111 u.
111 1111111. 61111 11111111,111111116 1111111111,1116 1111 6111111 went:
1111111111 1111 1111ῗ1111111111111111 (1111111, 1111111,1111111,1)111111ι
111111 111111, 1111 1111111111111 111. 1111111111111111 1111111111,
111111, 111 1111, 111111 (1111111111, 111111111111, 1111 1111111111,
1111. 1111111111111331111111111111
(11111 11111111111111 11111, ιι. 1111116111 1111111116. 116-119.

 

