89

&blm 111111 1111111111 111 11111111111111111111, 111111 1111
1111111111111111111. 111 1111 111111 111 ,111111 ῢ111111111 ς1111111·
11111111 1111 111 111111. 1111111111. 1111111 111. 1111111111. 111.
12071111 „Ex 111111111111111111111111111.(1.111)11111111.“ 8111111111
111 (11111111 1111. 1011.) 1111111 ,11111111 111111) ς11111111611111111111111 1141
Sat 1111111111111]Ι 1111 1111111 1111 ,1111111111111111111111111111111
111 ὕ.) 1111 111 1111111111ὓ11111 1111 1111111111 11111 111111 1111111
1111111 1111111111 111111 1111111 111 11111111111111111 1111 111 (11111111
1111 1111 1111111111 1111111111 11111111, 111 111 1111111111, 111 11111
11111 1111 1111111111 11111 111111111111111111 1111111111, 1. 1.11.’ 61111111
111 11111111 1111 ,Item 111111 11111111111111 111111111111111111 1111111111
111111 1111111 11111111 1111 1111111111 111 1111111111 1111111111, 1111111
11111111... 11111111 111111.1 §Det 61111111 111 1111111. 1111 ,1111111 &amne
1111 1111111 (1.1. 11111111111811111 1. 3. 11661111111111111 111 11111
1111111111 111 1111111 11111111 111 Θ111111 1111111 1111111111111111111
1ῒ1111111111,1111111111111111111 111 1111111111, 1111 111 &ut 11111111 111 111
61111111 Quasi modo 1111111111 111 ι111111111111111111111 111111·
11111111111,1111 111113111111111111 111 11111111 1111111111.” 1111111111
(111. 101-10611 „wib 1111111111 ῦ11111 111 11111111. &o 11 1111111111
111 11111111 1111 Θ111111111111111111 1111111111 11111111 1111 111111 111
111 11111111 1111111111.1 ,1111111111 111 Θ11111 111 6111111111 &a 111 orbam
111111 1111111111, 111111 111 11111111 111111 111111 1111 111 61111111 1111
1111111111 1111111111 111111 111111111111 11111.1 „wib 11111 111 θ111111 111111
1111111111 ,1111 11111111611111 11111 1111111111 111 1111111111
11111 batt-'⁴ ,11111 11111 11111111111161 1111 111 1111111111 111 1111111111
1111111ώ11111111191111111111 ’ „Nomina Episcoporum Warmiensium.“ 111. 1-22.
11111191-1111111 11111111. 1111 111 1111111. 1111111111. 3. 1111111111,
1111 11111111111111111111111. 1111111111. 11 111. 1111111111.5111111111.-
111111111111111111111111111111111 111111111111111, do Scriptor. 111. Prusa. p. 6.
Eunu, do scriptor. Polon. et Prusa. p. 229—236. 11. 1111111. ῖό111111

1. 11. ὓ. ὓ. 55-61.

[1111 111111111111111111 (111 1111111111 11111111111111111111. &ts
1111111111,1.1 111 ³· 3. 14611, 11111 1111 11111111 1111111 11111111,
1111111111111111 11111111 111 111111111191111111 1111111111 111 1 111
11111111 1111 1111111111 1111111111, 1111111111 111111111111111111 111 11111
111 Dticut 11111111111111,111 11 1111 1111 111 1111111111,1111111111 1111 111
1111111111 111111111111111111111 &teum 11111 111 1111111 ι(1111111111 ι111 81111
1111, 11111111 11111111 1111111111. 11111111111111 11111111 (1. 11. 111. 1111
11111111111111 111 (1111111111 111Σ1111111,1’11. 111 11111 111 11111 ς111111·
1111, 11111111111111111ἶ11111111111111, 1111111ἰηί11111 111 &lunata
1111111 11111111 1111111111, 111. 111111111111111111111111111 111 (11111
1111 1111ἶ11111111111111 1111 111 111111 1111111111 11111ξ11111111ῑῖ 1111111)
11. 1111111 1111 111111 1111111 11111 1111111111 1111111 1111111111 1111111 11111111
111 11111 111111111111111111111111111111
(1111111111 111 1111111111 1311111111 111 1111 »1111111111 1111111111
11111111 111), 1111111 111111111111111111111111, 11111111 111 1111 11111·
1111111 qu 111 11111111111,111111111 111111111111111111111111111 11. Μ,

 

