'95

[1155 1. <111, 515 &efflant 555 5511551115 1111 551 ς11551 5. 11151155

1141111111 5511 ¹¹³3& 515551 gerba, Ι55155ηέ161595151151513111, 155ἕὲ

151111111151 11151151111111111 3155115511 5ιέ
5115855151111, 51155 551 555 4. 11151 551 5515555 1155155151, 555

alt swod> 115155 1155155555 5551155155. 1111111 15 151515111111515

515 ghiwe 555 gro 55 11115151, 111 515 515515111551115555515

1111111115 5111111115 555 51551411-148955111. 55515515 115 151 55111
11555 151·..155515115551511.1511
515115ιί 55 11111555 ιι. 51555551. 11151511551151115515155155 515 35 15
1549-1553 5. 55115155 1111 555 551 5555511511155111155155-1ἓ15
1. 11151115 511 1515 &abre 1489 111 551 1151551 5511511511 515 11515555
55111. 11155 555 351115 1518-15 11555555 555 5555 5551511155 Ducum,
515 515 5515551151 11555 51515 3515 515 15511551511151115 bei 11. 1555111,
5511115 515 35155 1489-1518 ιι. 1515 111. 55151155, 151515 515 1551155
1551115515511511151111155 fiber 1155155, 1115555, Ε11111115151 5511555111
5555155 551 15111555111511511111511555]

’11155151 555515185155511551 1-15151. 5555155111. 111. 1555555.
151. 1751. 551 555 1115111 1111115111. au 1151115 (15155555 511 3⁰¹?-
115111551511 51155111. 1115555555) um 5151111115 551 16. 3511511555.
1515515155 (58 m), 5515511555 5115551115 135151551551551 515 11551551
551 5551111155 155555 1111515 515 55111115(δ15515551551111511155 551515511
51. 15. ιι. 1151155555. Fol. 591. 6. 515555151511; 51551511 51115 1151555515
zita, 5511 151 5155 551511151551151155 55155555 1511111. 115 611151
515155 1155511111. 15151 515 51115511 1111511111 515 5151155155111115155551·
11511 555 11511551 1115111151 Nicol. Schmidt 5511111551, 55111511 115
51155155 511 „Nickel Schmidt's 115551. 11555111 5515111111 51155.
’511 11111155 5. 5. ὓ. ὦ. 116. 111.

[ῷ5515551115511555111511 ιι. 555 51155111155 1111115115511 555 11511155 111551
,555551151511115155111111155511155555 55511555515151555.
ι155511515151 5551 5555 5. Ι1ῧ555ιι 1151.15-31.,ι55’5551ι5.1155.
11101111191111111111511111111111111111111111Ἓῖ
ι15ὲ155 ,, 1115ς5ῧ115115111. 551151555Β51555515118551,6515 151155 5111Ι 51851155
ἓτξωωιῐεἱ ὦ115ι55555155551555 115111551115511155551 5551555155 15155. -
11111115 551 55511111. θ555ιι11555 151555 61111551 55 511 1155 1151111151
15555 1155558, 5551 551 1155515115 5555151555 1155555155, 55555.
Qud) 51511551511551 555 155155551151151115 55511155555ἑ5511511553 555
55155515 55 115Ι 15511115155551555551515, 55155555 1555111 11111
15118-511, 111 555 5115111515111ι 1551 1511555511. Ε511111155 1 555
1155555511. 1151415111.) 15111 515 (5511111115 9551515 15 555 1155

111115 5551155555 geht 1555 1511-151 5155 11551151 15515 (315

55515555 551 ibt 1555555 515 5555511155.555155515155115155 ’8555155155
55151511 15 555 3. 1514 5. 15. 15551111 5511115115) 5111111 5. 1511115155·
1115155 151511 „mide 151155551151111511555555 5515 11555111515 515155
555 555 55515 5555 5555111551 „wer 1515511551.111515555τ.“ ,11115511
..115115 48 5555 51551511, 555 1161151115 1515515 1515555, 1155 151551
555 5115 11151 5111515111 „meua 115ὃῖ 15155551 - -1515551155115
5555 555 555 (1551555155 555 1511151. · utba! Ἰ195511511515151115151511
11511151115515 5151.Ἰ 111551Ξὲ5115551513Ι 1611511155 51511 5. 1. 5.).
§a bem 1511151311115115555 1155511 555555 5511 515115 55151155
5511151155 551 5555555155551551115115111, 1. 11. 555 1551551115551511ῗ15

 

