01101 (1111111111. Sum. [011 chronogr. 8111 11 11101111 mom 111-
1111. 0111114111. 0. chronogr. 8111111110] 01011 1110 111·
1011 monnau, 11 011 811011111101110119. 1111111011. 111111·
tet 1011111111 11 1111111111 1111111 1111111 1111111111 10110 011
011 (1111111811. 11111111. [1110110111 . 1011111110, 0111111011 0111101]
1116’11110111111111 10111101111111111111
bffoffnrgfflnffi'o ’1111 111111 11111111, 1. n. 10111011, 1111, 11111011,
1011111111 1. 1180, 1111111111 1110 111111 011 10 11011111 11101 1111011,
. 1. 1111111111. 1111 11 1111111 1111 11111111 1101 a. 1111.
1110 1· 111· - 1 111111 111111 110111
111,111111.1η ¹. ..
111·1111111111,1111111111111111, 111
111 1111111111·1·..111111111111111
-110 01011 1110 0111 0111110111 11111 0110110111 10. 011 (1111111011
un 111 11 ead> 11 1. 1101111111, 111111 111011010οι1 11 111,
10101011110111011111·1101 11

1 , . .· . . ἡ . .·
111111·1191111.ῗῖ,113111111111111311111111111.1111
11. Godox 011 111116. 11111011ῑί1 3. 11110111. 11111. 8111011110
ΡΞ 3111-1111 1. 111, 011 1111111016. 111 111011 1111 11111100
10. 111 111111 110011,Ι 0101101111, 11ι 1011111110 1110111 61111111
11110111, 1011101 1111111111 1111 01011 ιι. 01111111. 01111110 10111
1110111110, 11101 011 1230, 1011 1110111101 1111 101111 1100111011· ι 1

1111110. 110111 1101 1111111110110111, 1111111111 0011110111 1. 3111,
1. 10 011111 1111121 1111111011, 011 110110 11111111 1110 0110111011,

011 1111111111 1111011. 0111111111. 6. 108 fg. - 0111. fib. 011
(1111110111 01161101 1. 010 01111110. 01111010. . 036. 64001110.
011 61011101 0. 1010110101 1. 1111. 6111.) ,405-410. 111. IV.
Registrum memoriarum Ecclesiae S. Blasii Brunsvieensis.
(6111011111010110, 111 138⁰ 1111111111111111, 1111111111ιο 11111110
11111 11111111. 1011111110111111 ιι. 011111 11 1 0110 011 11111,
1110111 1110 0113101101101010. Q [. 1b. 2 1111 111 1111110101.
1101111. 6181-1111 1111011. .40511.16.427-434. 110. 111:
1119.11111.1111111111111101111011118111101111111111111οι11
&bier 11111 110111 111111 011111111οἰ1 0111111110 1111 magu 111 0111111
1011110101, 11111 011 3. 00111 011 (01110111, 11 ἲς. 11. . 10011010
011111. 11111111. 01001101. 00111. 6. 0-87; 011 11111. 311110 1111 mu
111110.1111011110011110. . 111111. 1798. 186. 4. -01011111111,
1111011. 1187-1158 1. 111011
ς01111111, 111 6010 1. 111οι111ῲὶ11, 110 0111110010, 111111
01111, 110 10111101111, 0. 010111111οι 011 111110 [6. 11], 011
01111011101110.. 111 1110111 01111111111111111, 6 111011 ιι.
11 11111 111 11οι11 1111110110 11·
(13.7’8 , 11. 1011101111. [6. 60. 67. 89],’Τ1111ῧ111111 18111111οΣ 6190,
01101113111 [6. 7. 08]; 0111011011131101110. 6. 11; 1 10111
111011 010. 6. 81, 1 61111. 0111111110 681.) 61-911 01110.
111. 1111. Fragmonta 011011111111. (61111011. 6. 110401.-
2391. 6. 277. nr. ³0. 2⁸4. nr. 45. 6. 280. nr. 50.) 6. 263490]

⁸¹) v· 11111111 u. 111111, 01111111 1111 1111101 011 01101011 0111111111110.
1111111011 1. 0111111111 (1111 1081) 1111011οι. 1082-09.

1101011111 11111 111011 1111111 ιιιιι

 

