543

1111111111. 1111111 11111111 1111111111, 11111111 3111 3111 111111 11111111
1111111111-1111111 1111 11111111111311 1111111111111111 111 111111
111111 1111111 1111111111.κ 81111111 111. 1-11; 81111111 (111111. 1. 1111111111
(1111111111 1111111 11. 111 ῶ1111111 1111111111 1. 11111 111111 111111
11 111111. ἐ1111111 1. Qud). 1. 1111111111,1. 11 11111. 11. 11111. 1. 11111
¹ 111111111·1111111111111111411·1111111111
Ξ111111.111119ξ’1111311,Μ111111ἔέ311 ⁶325&ss {5333
111 &att 1111111Ι 111. ³1. adv. 1157· 11111, 1469811111111 11 11 8.
1111111111111111111ῗ111111111111111111111111
0111111111 Lunennum 11 Η11111111111111 (1491). 1813111111. (vlt 61
(111111111111 11. 1. &tuit 111. 11. 1. 1111111111 111111 11811161 11ὲ111113111
g 11111 11111. bbefitibteenabtgwffiag 1ιὲ 1 Ξ 1τ1ο1ῡ1 11191 ὅξυὲαοιηαὼ 111. ’11111 ns
ὕ. 1111 Q 4611. 1111111 11111, 11111 1111111111111111111 11131111
*⁰¹ss‘' '⁰ 1191111111111111 1111111111111111111111
‘luggfnlgl‘lg 1. 14721111 118. 16918 111111 11111 11111111111111 1111 1111
111 &t 1111111Ι 1111 111111 1111111111 1 1111111111 1111 111 1111111111
1111 1111, 1111 11. 111111111111811111 eber 6111111111111911111 mos

111 11111111 1111111111 1111111111· 11111 111111 1111111111 1. 11111 1111111

11111111 11111 11111111 111 ,11111111 8111111111 11111111 111111 11111
1111111 111 1111111111111 111 11111 1111111111 1111111111111111111111),
”“ mm ”Whfflffibffss 111.. “1111111131111111111111111ξὲ1
mm? 81111111 ῗιξζ111 111υ1111111111111111 11111111ῠά111 111 1111111111
11 1. 111111 {storo 11111 1111111 1. 111. 111), 11111111 1. 8111111 111 1.
ἓ. 11. 1495), 111111111111111 11111111 11 1. 1559 1111. 40), 1111111
ηιί11111111111111 1111111111 11111 1. 1111111 1114 11111111111111 111111,
11111111111111111115111ἕὲ 11111111111151111.11111
11111111. 1196; 111. 11111111 1111111111 1611) 1. 111 111111 111111111111
1111111111 &thuben 1111 1111111111111. 1. 3. 1611-46 (6 ὅ.) 1111111
11111 1111111111111111111111111, 11111111111111, 1111111111 1.
111111111111111111. ’11111111111111113111·
11111111 111 11111111111111111111111.11111611111111111 11111111 111
11111111151111111111111111611111111111111111
111111 1111111111 61111131111111111. ,u 11 11. 1111ῧ1. 11111 1111
11111 11 1111111111. 1111111111111111 ub. 111ῦ11111111111, 111·
11111111111111111111111111111111111111118111.ῗέ
11549 &tuit 1111111111 1591Ι 111. 1111111111 1), 1 8111111111
11 1111111111ῗὲ 1111111 1111111111 1111111111
adv. 11 γ, 111 1111 w), 111. 11 1111111111 118. 1111111 111111111111
11111 111 51111111 1469 1111. 37 111 1¹s2 (ᾗ.) 1111111111 ulle 11111111 111111
11 11111111 111 1111, 1111 11111, 11111111 111 1 11111113111,11111111
1121111111 111 1111111, 11 11111 11111 1111114111 111 1111111111. 111111
111 16. 31111111. 1111111 11 1111 16 Q, 111. 1601-1649 111116.
1111111111 11 1111 11111111 ntum, 1111111111 111 11111111. (11111. 111
111111 (11111111, 111111 1. 11111 111 11111111 111 113111111111.

1111 14191 1111111111 111. 1111111111 11. 61111111 1566), &tub

 

