595 ·

(1111111 47.

(1111111111 mon. S. Ρ11111111. b.
11161149. 161. 390. 337 fg. -

1116111111 69-35. 91.
Hagno 111611111309. 169. 393.
111111111111111 (11 566.

(61111111 ox 611111. (111111. colon.) - Gregor 61.

1. 661111. 59. 361. 453 fg.

6111111161 colon. 66111111111111 6.
661111. (1. q. 61111111 Regia 6.

11161111) 353. 454.

(16611111 309.

(16111111 369.

1661116 306-306. 315. 316 fg.

(111(1111(611. 111. 1111111111.) 394.
(5661166 116. 6661111) 303. (nint.
Magdeburg.) 666.

(61111111 159.

(61111 111.

1111111111. 1111111111 360. 463.

0111111161). 611.) 456.

(1111111111 46.

Gratianus 514.

(11111111 314.

61111116, 1131111. 66111. 6411.
111 fg. 111. 111. 111.

Gregorius v. Tours 360. 456.

6111611111 941.

(1111111111 506-515. 465.

61116111 313.

(1111611111971. 999.

Gropp, 911. 1111111116111. 356.

(1111111 313.

(11161 146.

(1111111111 307.

6111111 16.

(11111111 999.

(111111 96-99. 67.

(11111111 169.

6111111356 fg.

61111111 Ligurinas 46.

1111111111, 1. Ρ. 1. 13.

6111161111. 46.

(111111 966,

v. (11111111 960.

1).

11111, Worn. 339.

- Henningiur 466.

- ’11111111111111666
6116116111111111161 1493) 366 fg.
(11111611 616 611161 1. 6.) 369.

1111111111991.

11111111, (1111111. 1111111. 111. 409.

1111111111 (Op. him-geneal.) 440-
446. ((11 111111 11111111. .. 11 urbo
1111111111.) 445. 610. - 513.
634 636. 545. 663. - (6111116111.
(16111.) 476.

1111111111, 11161. 316.

-· 1111194411.

6116161161 (111611 1. 6.) 463.

Η11111 61111161. 459.

1111111111 (do 111111111. Β1111116.) 90.
(de erronum 118111161111.) 164.
(1161111111.) 154. (de 1111191·
11111175. (9111 1. 6161111611)
140 11611 11111. 9111111. 1111.)
140.

1111111111(6111.1’1111111)149.(Α1111.
Ρο111111. resp.) 939.

Η111111111,(1111111161111111. 379. ¹

61161, 9111111111 1. 1. 11. 363.

11111, Tr 513.

111111161111479 fg. 166.

111111 315 [g. 301. 317. 306.

1111111111111611. 111 619 fg.

Haupt, Set. 111. 11111. 314-316. 601.

611116111111. episcopor. catalog. 71.

1111111111 316.

Hera, wilh. 476.

Η11111, (11116. 931.

1111661131 144.

Η111111111 19.

611). 61111116 IV. 1. 91111111 979 fg.

6111111111 367.

6111111611111 (616111. 6.) 460.

Η11110111 69. 965. 356156169396.
466. 60.

39·

 

