1. 61111 111 11. 1. 3. 7111111111 111 17. 311111 1111 118 7111111116)
1111111171111111 111111149-1017 (11 ,78 1130 7171171111.
1. 111 6111111111 1181111111) ,71-97. 11171111116111111. 111111-
11111.Ι 1171111 11 111 1171 (1111 111111 11111111 111. 111 7111111111 311111
7111111 111; 711111111711111111111 111. 1. 61111111 1. 71111111· 11.
111711. 117711111111111*1.111.”711.17.111ῑ
p. 167. 166Ι 167. 171. 174. 175. 176. 177176. 179. 111.114.111.195.
701. 703. 707. 777. 791. 747. 746. 749.) pap—161. 6131111111 (1111-
1111111. (1111411111 111111. 611111. 1. 1114. 11 1111111011). 11
. 657) 01111111. 311-1117 111. 6111111111 (1111 1111111. (1111. 11
g. 1111111 311111 11111 1111 (1111111111ἓ3111 7117117111 1111111711·
1111111111 11171111111111 1 1111 1111111 11111116111111111,
111131111161661167 1711111111’.6111117611ῗὶ
³: 877. 977. 991.) 19004174. 1111111111 1111110111. (11796) Gon·
1111111111111.1111111111.
7111111111711111111. 11111. 1111111.,1“11.111 111 111 171111
1111111, 11. 11161111 11111.. 1711, 7111111111. 1111111.;
1111511113‘ 117.711111.111117117717771111
11111111. 01ng 1117 1111 11111 1111111111 11. 11 ὲ111111111111, 111
111111 1111 111 11111111) 111111 11))111111111111 71111 1 111 1111111111,
111111111161111 111 11. 7111161111 111 111 11117111 1111111111111

11111111 11111111 1111 u. 1111111Ξζ11111111 1111111171111111, 111 111

1171 1111 11111116111111111111111 1111111 111

1111111111 1111111111111111 1161111111.1111111111111111111111111 111 111

11711611111111111111 7111111, 111 11111111111111) 11 1111111 11111

1111111111111111111611111111 1111111111 11111111. 1 11111 1111111

gppfinpe 11161111111111. (1111111111, 111111 111 611111). 11171111111111
1

1111),1111111111),31111111171111ὓ111111111111111111

1,11)1111 111111 111 1111.

11 11 1 11111 11111111, 1111111 11 11111111 7111111ῒὶ111 mit 111 11111.
111116111111111111 1111 111611) 11)
11111111. 7111111111) 111 1111111111 111 11116111111111111111111; 11 bc:
&inat 111 3111 1111 7611111111. 7111. 76111111 a. 1. ὓ 711. 7.

,1 1. 71111119 1. 11. 1. Θ. 111-13. 1. 1111 Q 50.) p.153-111.
711. Ι 1111111111 (11. 1077) gesta llammaburg. eccles. pontific. a.
751-1077 (111111111111111 ι 1111111 11. 11111111. 1847. 711111
1. 71111111 711111111611111 11111111, sufflati. 1. 3. 6. 711. 61111111.
111111 1. 7111111111 1. 3. 111. 8111111111). 71111. 1150. 7111. 11111
Θ. 56 fg. — 1111111111 11 1117111111 111 (1111111111 7711111111
1. 1111111 7111111111 171 111111. 1. 6111111111) [11111 1711. 60. 71.
ΙΙΙ, 9431, 57], ιιιιι 111111ῗ171111111111. 111 7111111111 111 ς11111. Ε 111),
111, 1111 Ι,1. 7. 41. o 11177111111111) 1141118. 1113 [711111

11 111111 (1111111 1111111111. 31 111

11191116111111111111.]. 71. ΙΙΙ, 7.) p211-319. Chronic. episcopor.
Hildesheimensium—l424 u. Supplemeutum a. 1117-1477 [mit
11111111 111. 711) 111 1. 71711111. 1. ..61111111 1. 111 61. 11171111)
111-11....1111111.1111111111
1111. Mammenses 111-1173 ( ,1161 111. 11111 1. 11 1111111111
11111 mammen 111. 6111111111. §tie gegeu 111 &uthica 111 111 11.
1111311111. - 7111. 11111 Ι617.) p. 181-101. 6111111111 111111-
111111 111171-1161 (11111 1111) 111 11111 71117111 ub. {Utattgtufen
1. 11111111 1. 1111111). 1. 7111111111) p. 101-535. Auctarium
Mollicense 1. bos-1109 (111. 3. 973) p. 135-197. Auctarium Zwet·

 

