427

11111111 14411 1111111111,111111 1111111 peringen 1111111111ἐ11 111
111111111111111111111

111 11111111 1111111111 1. 111111 111 11111111 1111111 11111111. 1111

111111 611111, 111 111 Ursinus, 11111111. 11111 1111 11111111111111 1
1111 11181111 11111111 111 Ursinus 1101111111 111111 111 1111111 11
1111111 111. 111 (1111. 111111. ιι. 1111111 111111 .11 111. 111111111
1. 19 u. 11111 (11111. 1111 Ursinus 1. 1111111. 111. 1111191-1191
1113113111111111111111.1111131611.1311;111.34 1111
111111. p. 1311311131 1111111111. p. 13091. 131ο; 111 36 1111111111.
111311, ι1; 1111111 111 Ursin. . 111, 133 11. 111. 11 mit
p. 13111 .; 11. 11111 11111111 1111111111 11 (111. a. 1342 mit Ursin.
111145 [1111111111111711111111111111[1111)
rem. . , . . . . . ;
1111111111.Ρ1359 mit 1111111. 13111. 1361· 181. 45 1111111111. p. 11191 .;
111 111111 1. 1366 1ι11 Ursin. p. 1311 11.; 111. 46 1111 111111. 1.1311; 111
111111 1. 13691111ΰηί1. ρ.1311; 11146111. ιι. 41 mit Ursm. p. 1311ς
81. 41 1111111111. . 1311 fg. 113111 111 11111111. 111 (11111111. 1.
ᾶ11ἃ1111ήι3ῒῖῖ 1111111111. p. 1312; 111 111111 1. 1314 1111111111. p. 1321111
1111111111111..111111111·
1111. (11111. 11111111. 111; 1111111111111111111. 111. 1111 111
111111 1111111111111, 111 aud> 111 111111. 111111 1111111, 1111 11111
11111. 1111 1111 111 11111111 111111,υ 111 111 11111. 1111111. 11111.
1111111111111 1111111 1111 111111111111, 111 11 [1111111

1 Ursin. 1.1314; 11111111. ιι. 11 1111111111.

1111 11111111111111111111. 1111111111111 11111 1412 111. 1111.

111111. 1111111111 11,ι1111111111111 1111111111111111
11111111111111111111. 111111 1111111111111111111111111 111111

11111 1111111111. &ebt 1111111111 11111111 1. 1111 11111 1111111111
111111111111111 111111, 11111 1111111 1. 1111111111 1111111111111
111 11111113.1519-1516 1111111111, 111 111 111 1111 1111111 pu 11111
311 11 1111111111111111111111 1111111 1111111111 (1111111111. 111
11111111 11 111111 1519 111 11111, 111111 ,111 1111111111 111 1111·
1111111111 ι1111111 1111111τέ111 golpe 111111, 1. 1111111 1111111111 111111
11111 1111111111115111111 11111 1ι 1111 111111111118111111 1. petrem
1 1 111 11111111111111 1111111 1111. 66-1151 111111111111111111111
1111111111 111 11111 111111. &pt 111111111 111 1111111111. 111
111111 1111111 11 ιιι 111111 ιι. 1. 1111111111111111 11111111 11
1113. 1509 1. 10· 111. 66-89; 11. 11111111111111 11111111 11111111
1511· 111. 19111-111· 11. 111611111111161111111 11 111. 1110
pt. 111, 111 (3 &p 11. 11181111 111 (1111. 11111111 111. 1111111111
11. 111 1111111111 111 Dr. 11111111. 111111 1 1. 1. 1111111111 1514
111. 133-131 11 Q) 1. 1. 1111111111111111 11 111 1111111 ιι. 11111
111 11111111 15111111 111 111 1111111111 1111111111
1111111 111, 1. 111 111111. 111111 111 11 11 1111111111 1111111111
1 111111111111111 11· 111 11111111 111 p. 1591 1111111111111111 111111
11 11. 111111111111 1111111 1 11 1111111111 111 111 1111111 3111 1111
11 111111131111111111111, mee 11. 11111111111111, 1111111, ῧ11111111111,
8111111111, 1111111111111111111111111111111.1111111111, 1111111,

1111111111 1111111111, 1111111111 1111111111111, ς,11111111111111

11 (11. 1509-1516)

111. 1111111111 eam. 11. 1. e. 111-111. nm 1. 111. 11111111 11 111·
111 1111111111 1111111111 111 11111111 Antippulpatt. 1111111. p. 111191. 1110 (1111111111. 11.

,1110ῑὸ11 ιι. 111111111111111111111. 3. ὅ. 10-11.
ΗΜ· ,1ιὲ11141ιῖ1 ffirelkf‘p τὲ ῗ11ἔ21211ἐ12191ἱ111 1111111111 11111111 111 1111111111. unq. r

 

