235

11111111. 6111111111( 111 1111111111 111 3111111111111111,1111ι
1111 11 1111 11111. xlv. 11111. 11111 111 111111 111 11111111. 11111
1111 1111111 11111111 111111111111111, 111 1111 11111111 1111116111
111 1111111111 1111 1111111111. -1111 111 111111111111111111

1111 111111111]

-—

11)811111111111, 1111, 13131111 [111 secretarius 1. 1111111, 111111 11111
1111111111 1111111, 1111. 11111111. 11111 1111111111. 1111111. 1111111111
1618 111111111111 1. (1111111 111 1111111111111.1111111; 1629 111 11111
11111111111111111111 11 1111111111 1. 1111111111 11111111, † 1637 111
613111. 111111. 1111111111 1111. &m 1. 111. 5. Θ. 166 u. 111).
,1111111111 11111111111 111 &tant 11111 1111111 11 111111
11111, &amnt 111111 1111111111 1111 11111111 1111111 bend·
11111111 11111111111111111111111 1111111111, 111111 1111
111 1111 111111111111(111111111111111,111111111 11111 1111111311111,
111111111111111,111111111111111111111111. 1111111111 111111- ·
111111 111111111111 111 111111 1111111111111 1111111111
1111111111 11111111111 111 1111111111, 1111111111 111111
1111, 11 4 1111111 1111111111, 111111 inserirtem 1111111 1111111 11111
11111111111111,111 111111 11111 1111111 111111. 1111111111 11111
1111 111111 1111111111, 11111 Ρ11111111111111111811111111 Stetimus„
(11111111 111(1111111111,1111 1111 11 1111111111, 1111111 11111111
11111, 11111111.Ι)0.11111.“ 4. 11111 Θ. 1. 111111. 111111). ,111 111111
111111111111111111(1111111111, 1111111111 1111111111·
111, 111111 111 1111111111 Bogislai 11111111111111111111111111, 1111
11111 1111111 31111 1111111111, (1111111111111111111111, 1111
111111111111111111111, 111111111 111111 111111111111311111 111111 111
111111111111111111. (11111111111111111111111111111111111111
1111111111, 11 111 11111 1111111 1111 11111 311111 11111111 11111111.
1111111111 etc.. 111111. 1 11 11111. 3. 4. 1168 1. 111111111111111.)
,111111111111111611111111111 1111111111, 1111111111
111 Recessen, 111111111111111111111 Β111111111111. 11111111111 (1111
1111111111, 1111 11111 111 1613. 31111. 11111 3111111, 111 1111111111
111 111 1111111111111111111111111111,11111111111111111111
11111111111111311111111111111111111111111111111,1111111111
1111111111 1111111111, 11 111111111 111 11111111 60. 311111 111111 111111
111, 1111111111. 1111111111,111.“ (11111. 1. 11 11111. S. 4. 11111.
1. 11111111.) 1111. (11111111 1. 1. ὓ. 1. 20. 1. 11. 1. (1111111111
1111111. 11. 1111111111. 111. (1.582-114.

[fir. 1111111111 1111 11 111111 111111. 1111111111. 11111 111 11111111111111
611111111111 111111111111111111 11 111 1. 3. 1613,1111111 1111111
1111111111 1111111111111.1111111111

11111 1111111111111111111111 11113. 1613, 111111 11111111111111

1111111 “ 11 1111111111,111111 1111 mit 11111 11111111111111111111
11111 111 11111111 u. 1 111 (1111111111, 111111111 111 111 1111 111. 11·

1111. 1111111111, 11111 111 11111111 111111 111 111 1111111111 111111
11111, 1111111111 u. 1111111111, 111111 111 11111111111111111, 1. 11.

1111

 

